18.08
19.76
22.08
25.64
29.159999999999997
32.92
44.56
48.28
52.519999999999996
56.48
60.760000000000005
66.28
75.36
81.03999999999999
85.12
89.24000000000001
95.36000000000001
97.72000000000001
103.28
109.84
121.32000000000001
124.64
133.6
135.08
145.04000000000002
149.12
155.12
164.4
167.12
174.72000000000003
182.12
182.12
190.04000000000002
197.44
198.28
201.16000000000003
207.28
209.83999999999997
215.76
221.56
229.08
234.6
243.88
249.88
254.84
254.83999999999997
261.72
263.76
269.44000000000005
270.92
276.84000000000003
280.76
280.44
285.8
282.8
283.24
283.24
283.24
283.24
290.0
294.44
292.64
292.64
287.40000000000003
285.4
285.4
285.4
283.44
283.44
283.44
280.04
280.04
279.92
279.92
279.92
277.4
276.6
272.36
272.36
273.48
273.48
273.48
273.48
273.48
273.48
273.48
273.8
273.79999999999995
279.03999999999996
282.08000000000004
282.08000000000004
282.08000000000004
284.0400000000001
281.92
281.91999999999996
285.32
279.56
279.15999999999997
275.36
270.72
268.76
265.24
267.56
262.4
259.0
254.44
248.72
242.72
237.60000000000002
231.71999999999997
225.56
221.27999999999997
214.68
207.72
203.24
196.36
189.2
182.36
177.96
171.36
165.92000000000002
162.52000000000004
156.20000000000002
153.24
151.36
148.64
146.88
142.12
140.64000000000001
139.8
136.76
136.04
135.24
133.60000000000002
133.04000000000002
132.12
131.72
132.0
131.88
130.32
129.88
130.76
131.08
131.44
130.64
128.39999999999998
130.32
130.60000000000002
130.68
130.28
130.32
129.92000000000002
130.28
130.92000000000002
130.6
132.88
133.32
133.28
133.0
133.72
135.07999999999998
135.20000000000002
135.04
135.72
136.52
137.40000000000003
138.8
138.12
138.04000000000002
142.16
144.52
144.92000000000002
145.52
147.88
148.08
149.4
149.16000000000003
149.92
150.88
152.16000000000003
152.88
151.96
157.64
159.8
164.04000000000002
164.44
164.24
163.88
163.56
163.56
163.95999999999998
162.07999999999998
164.60000000000002
165.52000000000004
163.28000000000003
162.8
163.8
163.36
162.84
164.16000000000003
164.72
167.16
171.56
173.32
179.0
182.92000000000002
189.84
185.68
187.68
184.64
185.51999999999998
191.76
194.04
200.76
206.04000000000002
211.32
214.36
219.04000000000002
224.36
229.88000000000002
235.04
240.88
247.27999999999997
248.83999999999997
254.07999999999998
259.36
263.64
265.12
268.4
268.4
269.08000000000004
269.08
274.4
277.28
281.8
286.24
286.24
290.79999999999995
290.79999999999995
291.44000000000005
292.20000000000005
295.91999999999996
295.91999999999996
295.91999999999996
295.91999999999996
296.56
296.56
296.56
299.84000000000003
300.0
300.0
300.0
300.0
300.0
300.0
300.0
300.0
300.0
300.0
300.0
300.0
300.0
300.0
300.0
300.0
300.0
300.0
300.0
300.0
300.0
300.0
300.0
300.0
300.0
300.0
299.8
299.8
299.8
299.8
299.8
299.8
299.8
299.8
299.8
299.8
299.8
299.8
299.8
299.8
299.8
299.8
299.8
299.8
299.8
299.8
299.8
299.8
299.8
299.8
299.8
300.0
300.0
300.0
300.0
300.0
300.0
300.0
300.0
300.0
300.0
300.0
300.0
300.0
300.0
300.0
300.0
300.0
300.0
300.0
300.0
300.0
300.0
300.0
300.0
300.0
300.0
300.0
300.0
300.0
300.0
300.0
300.0
300.0
300.0
300.0
300.0
300.0
300.0
300.0
300.0
300.0
300.0
300.0
300.0
300.0
300.0
300.0
300.0
300.0
300.0
300.0
300.0
300.0
300.0
300.0
300.0
300.0
300.0
300.0
300.0
300.0
300.0
300.0
300.0
300.0
300.0
300.0
300.0
300.0
300.0
300.0
300.0
300.0
300.0
300.0
300.0
300.0
300.0
300.0
300.0
300.0
300.0
300.0
300.0
300.0
300.0
300.0
300.0
300.0
300.0
300.0
300.0
300.0
300.0
300.0
300.0
300.0
300.0
300.0
300.0
300.0
300.0
300.0
300.0
300.0
300.0
300.0
300.0
300.0
300.0
300.0
300.0
300.0
300.0
300.0
300.0
300.0
300.0
300.0
300.0
300.0
300.0
300.0
300.0
300.0
300.0
300.0
300.0
300.0
300.0
300.0
300.0
300.0
300.0
300.0
300.0
300.0
300.0
300.0
300.0
300.0
300.0
300.0
300.0
300.0
300.0
300.0
300.0
300.0
300.0
300.0
300.0
300.0
300.0
300.0
300.0
300.0
300.0
300.0
300.0
300.0
300.0
300.0
300.0
300.0
300.0
300.0
300.0
300.0
300.0
300.0
300.0
300.0
300.0
300.0
300.0
