-300.0
-300.0
-300.0
-300.0
-300.0
-300.0
-300.0
-300.0
-300.0
-300.0
-300.0
-300.0
-300.0
-300.0
-296.4
-296.4
-296.4
-296.4
-294.56
-294.4
-294.4
-292.6
-292.6
-292.6
-290.56000000000006
-290.56000000000006
-290.56000000000006
-290.56000000000006
-290.0
-289.79999999999995
-289.79999999999995
-289.8
-289.52
-289.52
-289.52
-287.36
-287.36
-287.36
-287.36
-287.24
-287.24
-287.24
-287.24
-289.08000000000004
-286.08000000000004
-282.6
-281.56
-279.04
-273.55999999999995
-275.6
-275.16
-275.16
-275.16
-274.0
-274.20000000000005
-273.76
-273.76
-274.04
-269.08000000000004
-266.68
-266.2
-265.24
-265.24
-260.68
-264.40000000000003
-261.36
-261.36
-260.91999999999996
-258.12
-261.28
-264.76
-266.91999999999996
-269.12
-274.6
-271.68000000000006
-267.64
-264.28
-262.8
-260.44000000000005
-256.72
-253.36
-248.36
-244.44
-245.36
-246.96000000000004
-245.0
-245.20000000000002
-245.20000000000002
-249.76000000000002
-246.60000000000002
-245.92000000000002
-240.64000000000001
-237.52
-235.0
-231.8
-227.28
-224.88
-220.32
-214.76000000000002
-212.76
-212.12
-209.68
-204.48
-208.56
-207.0
-206.28000000000003
-205.48
-204.28
-203.83999999999997
-199.28000000000003
-197.64
-195.39999999999998
-191.68
-185.48000000000002
-182.56
-179.76
-179.64000000000001
-183.20000000000002
-182.48000000000002
-179.08
-178.4
-174.32000000000002
-173.8
-172.08
-171.56
-176.68
-178.64
-185.32
-180.60000000000002
-181.60000000000002
-180.07999999999998
-179.12
-177.04000000000002
-174.24
-176.39999999999998
-176.92000000000002
-174.0
-171.36
-173.12
-174.20000000000002
-173.84
-174.68
-167.24
-167.6
-166.48
-164.76
-164.68
-163.51999999999998
-163.72
-162.88
-156.12
-152.60000000000002
-146.76000000000002
-144.24
-140.68
-143.84
-143.51999999999998
-143.68
-145.60000000000002
-143.08
-141.16000000000003
-138.83999999999997
-138.60000000000002
-135.8
-132.76
-132.88
-131.32
-131.56
-131.84
-132.04
-132.64000000000001
-132.76000000000002
-131.8
-131.2
-129.44
-128.48000000000002
-127.52
-125.88
-124.88000000000001
-126.20000000000002
-122.00000000000001
-123.52000000000001
-124.20000000000002
-122.52000000000001
-120.76
-121.72
-123.35999999999999
-125.12
-127.28
-128.28
-128.6
-127.4
-127.28
-125.56
-126.63999999999999
-126.32000000000001
-125.47999999999999
-126.92
-126.36000000000001
-128.2
-128.8
-128.88
-129.84
-133.16
-134.12
-133.64000000000001
-132.04
-130.72
-130.24
-130.76
-128.76000000000002
-128.56
-126.56
-123.92
-125.0
-124.6
-124.28
-123.64
-123.08000000000001
-122.92
-121.56
-123.48000000000002
-122.8
-124.91999999999999
-123.84
-123.2
-123.44
-123.08
-121.08
-118.4
-119.4
-118.64
-118.64000000000001
-117.88000000000001
-117.36000000000001
-121.0
-121.63999999999999
-120.60000000000001
-121.24
-120.08000000000001
-119.00000000000001
-118.20000000000002
-120.12
-120.28
-120.24000000000001
-120.76000000000002
-120.84
-120.12
-121.60000000000001
-120.84000000000002
-122.00000000000001
-122.08000000000001
-124.32
-125.56
-126.48
-126.60000000000001
-128.2
-127.36000000000001
-128.48000000000002
-127.92000000000002
-125.52
-124.00000000000001
-124.32000000000001
-123.24000000000001
-123.32
-124.12
-124.12
-121.84
-122.76
-123.16
-123.72000000000001
-121.68
-121.19999999999999
-121.32
-121.84
-121.28
-121.72
-119.72000000000001
-119.2
-118.36000000000001
-117.72000000000001
-120.91999999999999
-121.68
-123.32000000000001
-124.72
-130.52
-130.44
-129.88
-131.28
-131.32
-132.08
-134.28
-138.4
-139.95999999999998
-138.44
-138.6
-139.36
-140.68
-138.12
-139.48
-138.84
-138.04000000000002
-136.68
-136.08
-137.84
-136.52
-135.15999999999997
-135.68
-137.96
-136.23999999999998
-130.64000000000001
-132.84
-135.0
-135.83999999999997
-134.92
-134.4
-132.52
-130.48000000000002
-127.2
-126.72000000000001
-125.91999999999999
-125.56
-124.6
-124.24000000000001
-123.52000000000001
-123.92
-124.92
-132.92
-132.84
-132.04000000000002
-132.32
-130.4
-129.60000000000002
-125.32000000000002
-129.24
-130.20000000000002
-129.60000000000002
-128.28
-126.24
-127.08000000000001
-125.83999999999999
-128.68
-127.92
-129.4
-129.95999999999998
-130.36
-132.08
-134.64
-135.04000000000002
-134.16000000000003
-134.16
-134.8
-128.12
-126.56
-125.75999999999999
-126.2
-125.84
-125.47999999999999
-130.88
-127.28
-126.08
-123.96000000000001
-126.52000000000001
-127.08000000000001
-127.52000000000001
-129.44000000000003
-126.88000000000001
-125.88000000000001
-125.32
-125.44000000000001
-127.04
-132.92000000000002
-131.04
-130.88
-131.32
-133.56
-132.36
-139.04000000000002
-140.44
-141.0
-140.95999999999998
-141.8
-142.88
-138.64
-139.24
-140.68
-141.64000000000001
-139.64000000000001
-138.92000000000002
-139.36
-139.04000000000002
-139.8
-139.92000000000002
-140.88
-142.07999999999998
-140.36
-135.24
-136.4
-137.12
-138.16
-135.2
-136.72
-128.64
-128.84
-129.79999999999998
-132.16
-131.04
-132.07999999999998
-132.84
-134.12
-135.60000000000002
-135.68
-135.04
-134.96
-134.07999999999998
-134.08
-133.64
-133.44
-132.12
-131.84
-131.2
-129.20000000000002
-127.4
-125.92
-125.0
-127.0
-126.56
-128.12
-128.76000000000002
-126.96000000000001
-125.68
-125.88000000000001
-125.12
-123.08
-121.4
-119.80000000000001
-119.6
-119.12
-119.19999999999999
-118.4
-119.68
-122.72
-122.8
-125.24000000000001
-123.4
-123.16000000000001
-122.24
-121.68
-121.52
-121.28
-127.39999999999999
-134.15999999999997
-133.56
-132.32
-133.44
-132.6
-134.0
-133.88
-133.8
-135.52
-136.52
-136.2
-137.32
-137.84000000000003
-139.44
-138.48000000000002
-137.56
-139.76000000000002
-137.88
-138.12
-140.32
-142.12
-142.36
-143.36
-142.4
-134.56
