-295.8
-295.8
-295.28
-295.28
-295.28
-295.28
-292.48
-292.48
-290.08
-290.08000000000004
-290.08000000000004
-287.84
-282.96
-282.24
-279.4
-278.0
-278.0
-273.32000000000005
-270.36
-267.0
-264.12
-263.20000000000005
-257.96000000000004
-252.16
-246.76000000000002
-245.48000000000002
-240.40000000000003
-238.4
-236.76
-230.76
-228.96
-228.32
-221.92000000000002
-219.04000000000002
-215.07999999999998
-213.04000000000002
-210.12
-209.4
-205.68
-201.16000000000003
-197.60000000000002
-192.16000000000003
-190.88
-187.52000000000004
-185.2
-182.44
-179.20000000000002
-179.04000000000002
-178.76
-177.52
-175.24
-173.36
-168.07999999999998
-162.8
-161.40000000000003
-156.08
-153.2
-156.24
-153.44
-152.08
-146.84000000000003
-145.39999999999998
-145.92000000000002
-143.4
-144.08
-142.07999999999998
-140.12
-139.36
-139.2
-138.12
-137.28
-136.32
-134.20000000000002
-134.76
-134.07999999999998
-132.12
-131.08000000000004
-131.72
-131.24
-133.52
-133.88
-133.0
-128.44
-128.16
-126.64000000000001
-126.36
-124.80000000000001
-123.08000000000001
-122.4
-129.07999999999998
-128.84000000000003
-128.76
-128.48000000000002
-126.72000000000001
-125.72000000000001
-125.20000000000002
-124.48
-123.47999999999999
-120.56
-121.72000000000001
-122.48
-123.56
-123.32000000000001
-122.76000000000002
-121.44
-121.91999999999999
-122.68
-122.80000000000001
-131.16
-131.2
-131.6
-132.16
-131.88
-132.8
-126.2
-125.96
-125.47999999999999
-125.44
-126.04
-125.48000000000002
-124.08
-124.68
-125.36000000000001
-125.88
-124.52000000000001
-122.96000000000001
-121.4
-120.68
-122.36
-121.44
-119.36
-118.84
-118.24000000000001
-110.19999999999999
-109.03999999999999
-108.32
-107.32
-106.72
-105.84
-105.03999999999999
-105.92
-107.0
-106.44000000000001
-107.72
-108.4
-109.28
-107.92
-109.64
-110.28
-110.64
-111.64000000000001
-111.52000000000001
-113.48000000000002
-110.72
-109.16
-110.0
-108.24000000000001
-108.64000000000001
-108.72000000000001
-108.56
-109.16000000000001
-109.4
-110.32000000000001
-110.67999999999999
-109.52
-107.56
-106.56
-105.72
-104.47999999999999
-104.52000000000001
-103.16
-102.56
-99.91999999999999
-98.68
-98.36000000000001
-98.12
-98.48
-95.96000000000001
-97.12
-97.96000000000001
-96.80000000000001
-98.72000000000001
-99.8
-101.0
-100.56
-99.0
-98.96000000000001
-97.2
-97.64000000000001
-97.76
-97.92000000000002
-98.4
-98.24000000000001
-97.64000000000001
-101.04
-100.96000000000001
-102.08000000000001
-105.36
-106.6
-106.2
-106.84
-107.4
-107.08000000000001
-106.04
-105.48
-105.52000000000001
-104.36
-103.44
-103.4
-103.0
-103.24
-103.32000000000001
-103.32000000000001
-102.03999999999999
-102.47999999999999
-101.84
-100.80000000000001
-101.52000000000001
-102.56
-100.08000000000001
-100.48
-99.64
-97.56
-96.4
-96.28
-95.52
-94.72
-94.8
-96.56
-97.64
-98.56
-98.92
-98.80000000000001
-97.92000000000002
-99.48000000000002
-99.92000000000002
-99.48000000000002
-100.76
-100.96000000000001
-100.76
-103.00000000000001
-103.36000000000001
-103.44
-103.16
-101.84
-102.24
-103.96000000000001
-105.68
-105.84
-105.03999999999999
-104.44000000000001
-103.92000000000002
-105.2
-104.0
-104.92000000000002
-106.04
-106.12
-105.4
-104.24
-103.28
-103.32000000000002
-103.56
-104.24000000000001
-105.0
-105.56
-103.76
-104.20000000000002
-104.4
-105.96000000000001
-104.64000000000001
-104.68
-103.68
-102.64
-103.84
-104.28
-104.88
-107.64
-108.0
-110.07999999999998
-108.44
-108.03999999999999
-108.4
-108.36
-109.24
-109.08000000000001
-109.0
-109.48
-108.60000000000001
-108.08000000000001
-107.52000000000001
-108.88000000000001
-108.0
-110.36
-108.04
-109.03999999999999
-108.96000000000001
-108.56
-106.91999999999999
-105.64000000000001
-105.16
-105.52000000000001
-103.2
-101.64
-100.47999999999999
-100.92
-99.36000000000001
-99.12
-100.28
-99.4
-98.72
-99.19999999999999
-99.12
-98.4
-98.48
-98.28
-96.64000000000001
-97.36000000000001
-97.2
-97.2
-96.20000000000002
-97.03999999999999
-97.80000000000001
-97.88
-98.16
-98.32
-97.0
-105.56
-108.12
-107.12
-106.96
-107.92
-106.72
-106.32
-107.16
-108.0
-107.44000000000001
-106.80000000000001
-106.80000000000001
-107.2
-108.72
-109.32000000000001
-109.04
-106.16000000000001
-106.0
-107.36000000000001
-107.2
-106.56
-107.03999999999999
-107.4
-107.76
-107.91999999999999
-98.60000000000001
-96.47999999999999
-96.72
-96.32
-94.64000000000001
-95.36000000000001
-95.96000000000001
-96.56
-97.88
-99.24
-100.56
-102.12
-102.52000000000001
-101.24
-100.84
-100.4
-100.60000000000001
-99.52000000000001
-100.24000000000001
-99.52000000000001
-99.28
-98.28
-98.52
-98.8
-100.12
-101.92000000000002
-102.32000000000001
-101.28
-101.80000000000001
-104.44
-104.52000000000001
-103.2
-101.91999999999999
-101.28
-100.32000000000001
-98.92
-96.88
-95.36
-96.4
-96.28
-96.35999999999999
-95.8
-97.0
-97.28
-97.48
-97.0
-97.0
-95.64000000000001
-94.80000000000001
-94.8
-94.56
-94.28
-96.56
-95.68
-94.84
-94.2
-94.16
-96.60000000000001
-96.92
-96.44
-96.84
-97.08000000000001
-97.08000000000001
-96.68
-105.44
-107.0
-107.56
-109.0
-107.08
-106.91999999999999
-109.84
-112.03999999999999
-113.68
-115.08000000000001
-114.32
-114.84
-115.64
-115.44
-116.12
-114.52000000000001
-115.08000000000001
-116.56
-113.88
-112.88
-113.68
-113.68
-116.6
-116.64000000000001
-117.16
-110.20000000000002
-109.72000000000001
-110.44000000000001
-110.04
-111.4
-110.36000000000001
-109.52000000000001
-108.52
-107.36
-107.92
-107.64
-111.19999999999999
-109.84
-108.96000000000001
-109.00000000000001
-109.96000000000001
-109.04000000000002
-109.48
-111.24000000000001
-111.20000000000002
-110.64
-110.68
-108.84
-108.68
-108.28
-108.44
-107.32000000000001
-105.68
-104.44
-104.12
-106.0
-106.44
-107.48
-108.24000000000001
-108.08
-107.92
