-298.88
-298.88
-298.88
-298.88
-298.88
-298.88
-298.8
-298.8
-298.04
-296.36
-296.36
-296.36
-292.4
-292.4
-292.4
-289.76
-285.4
-281.15999999999997
-281.15999999999997
-276.15999999999997
-269.76
-265.96
-263.84
-257.0
-257.6
-254.24
-250.48000000000002
-243.12
-238.0
-231.52
-226.64
-221.96
-217.28000000000003
-212.8
-208.51999999999998
-202.16
-197.07999999999998
-199.52
-194.24
-188.2
-184.8
-183.44
-181.36
-175.04
-176.44
-177.12
-175.51999999999998
-170.44
-172.16000000000003
-166.72000000000003
-163.16
-159.92
-161.44
-160.16
-161.4
-158.48000000000002
-155.88
-153.0
-150.0
-149.60000000000002
-155.68
-152.44
-147.96
-146.48000000000002
-148.04
-148.12
-147.16000000000003
-145.84
-144.88
-143.12
-141.24
-139.84
-139.16
-135.68
-134.96
-134.56
-133.60000000000002
-131.0
-129.32
-127.84
-127.60000000000001
-125.92000000000002
-126.24000000000001
-126.32
-124.0
-118.0
-117.84
-116.96000000000001
-115.80000000000001
-114.08000000000001
-111.72
-111.4
-111.56
-110.24
-107.56
-107.28
-106.91999999999999
-107.44
-107.56
-106.56
-107.35999999999999
-107.95999999999998
-109.96
-110.75999999999999
-112.39999999999999
-111.91999999999999
-113.64
-112.68
-112.60000000000001
-113.56
-111.47999999999999
-112.96000000000001
-112.96000000000001
-113.8
-111.88
-111.35999999999999
-110.88
-111.8
-113.16
-113.72
-113.80000000000001
-113.19999999999999
-113.03999999999999
-113.6
-114.27999999999999
-113.6
-113.56
-111.72
-111.36000000000001
-107.64000000000001
-108.2
-108.44
-108.19999999999999
-110.2
-109.68
-110.4
-109.72
-109.03999999999999
-108.08000000000001
-107.80000000000001
-108.28
-109.96000000000001
-110.64
-109.52000000000001
-108.28
-108.19999999999999
-108.32
-108.2
-107.28
-106.91999999999999
-105.72
-105.96000000000001
-106.28
-106.88000000000001
-107.4
-106.75999999999999
-105.68
-112.24000000000001
-111.32
-111.68
-110.80000000000001
-113.48
-113.08
-112.80000000000001
-113.08
-112.68
-109.28
-107.6
-107.80000000000001
-109.6
-108.56
-109.44
-108.68
-109.24000000000001
-107.72
-108.36
-106.96
-106.47999999999999
-106.03999999999999
-107.76
-108.36000000000001
-108.24000000000001
-101.68
-101.64
-101.68
-101.28
-99.91999999999999
-99.36
-99.48000000000002
-99.80000000000001
-99.6
-100.6
-99.88
-99.08000000000001
-97.88
-98.03999999999999
-96.88
-97.68
-97.2
-97.72
-98.03999999999999
-98.16
-97.75999999999999
-96.56
-95.6
-95.08
-99.12
-98.88
-106.08000000000001
-105.52000000000001
-106.08000000000001
-104.04
-104.88
-104.44
-103.44
-105.20000000000002
-105.2
-105.36
-106.63999999999999
-106.28
-106.47999999999999
-105.44
-106.88000000000002
-107.60000000000001
-108.0
-108.88
-109.4
-110.68
-111.12
-110.48
-110.92000000000002
-106.84
-107.4
-99.92
-99.36
-99.76
-100.6
-99.96000000000001
-100.28
-102.16
-100.91999999999999
-100.75999999999999
-100.24000000000001
-99.60000000000001
-100.20000000000002
-100.96000000000001
-101.36000000000001
-99.80000000000001
-99.12
-99.84
-99.2
-99.56
-98.92
-98.6
-99.08000000000001
-99.32
-99.28
-98.76
-98.56
-99.08000000000001
-100.52000000000001
-99.76
-101.36000000000001
-102.24
-101.36000000000001
-101.04
-101.4
-102.08000000000001
-103.36
-103.28
-103.56
-103.64
-104.28
-104.56
-103.03999999999999
-101.96000000000001
-101.16000000000001
-102.12
-102.08000000000001
-101.68
-101.60000000000001
-101.76000000000002
-101.88000000000001
-100.88000000000001
-101.64
-101.64000000000001
-102.16
-100.32
-99.28000000000002
-98.32
-99.03999999999999
-99.67999999999999
-99.56
-98.0
-98.68
-97.92
-100.4
-99.24000000000001
-99.44
-100.12
-104.27999999999999
-105.36
-112.60000000000002
-113.4
-113.88000000000001
-121.80000000000001
-122.28
-122.16000000000001
-123.75999999999999
-123.16
-122.04
-121.24
-123.08
-124.16
-124.0
-123.19999999999999
-121.91999999999999
-122.6
-124.03999999999999
-123.47999999999999
-131.76
-129.64
-130.0
-130.92
-131.56
-127.88000000000001
-127.12
-120.08
-119.08
-118.48
-110.52
-109.68
-109.36
-109.4
-110.64000000000001
-109.64
-110.32000000000002
-108.68000000000002
-108.75999999999999
-109.08000000000001
-109.64
-109.64000000000001
-109.64000000000001
-108.2
-109.08
-100.92
-100.8
-100.24
-98.47999999999999
-98.24000000000001
-98.28
-97.6
-97.2
-97.75999999999999
-97.72
-98.16
-97.8
-98.72000000000001
-97.36
-98.96000000000001
-99.92
-99.68
-99.52
-99.44
-99.03999999999999
-99.08
-100.12
-102.4
-102.32
-102.64000000000001
-102.52000000000001
-103.08000000000001
-103.64000000000001
-104.32000000000001
-104.63999999999999
-105.08000000000001
-109.48000000000002
-109.84
-110.24000000000001
-111.03999999999999
-110.80000000000001
-113.48
-113.08
-118.32000000000001
-115.12
-114.20000000000002
-115.44
-115.28000000000002
-113.92
-115.91999999999999
-115.16
-115.36000000000001
-112.36
-112.76
-110.80000000000001
-112.12
-110.56
-110.56
-110.28
-109.47999999999999
-110.64000000000001
-107.04
-106.92
-107.44000000000001
-107.0
-106.88
-104.75999999999999
-104.28
-98.68
-99.0
-100.4
-101.72
-103.16000000000001
-104.92000000000002
-103.84
-104.4
-103.8
-104.16
-103.80000000000001
-104.4
-102.72
-103.6
-103.44000000000001
-103.64
-104.39999999999999
-102.56
-102.92
-101.96000000000001
-101.32000000000001
-100.20000000000002
-98.56
-98.6
-98.84
-99.84
-100.2
-99.36
-95.67999999999999
-95.12
-93.76000000000002
-94.56
-93.68
-94.92
-93.64000000000001
-93.52000000000001
-93.88
-94.0
-94.64000000000001
-95.52000000000001
-96.2
-95.6
-95.52
-95.4
-94.64
-94.0
-94.47999999999999
-96.75999999999999
-97.2
-97.19999999999999
-96.84
-96.44
-95.76
-97.16
-96.96
-97.32
-97.2
-98.80000000000001
-96.72
-97.24000000000001
-97.80000000000001
-97.48
-97.92
-97.88
-97.48
-96.60000000000001
-95.64
-95.75999999999999
