-299.32
-299.32
-299.32
-299.32
-299.32
-299.28
-299.28
-299.28
-299.28
-299.28
-299.28
-299.28
-299.28
-299.28
-299.28
-299.28
-299.28
-299.28
-299.28
-299.28
-299.4
-299.4
-299.96000000000004
-298.92
-298.92
-298.92
-298.92
-298.92
-297.68
-295.6
-295.64
-295.64
-295.64
-294.56
-294.56
-294.56
-294.56
-294.56
-294.56
-294.56
-294.56
-294.56
-294.56
-291.68
-290.20000000000005
-290.20000000000005
-290.20000000000005
-288.36
-289.4
-288.84000000000003
-288.84000000000003
-285.12
-285.12
-285.76
-283.59999999999997
-280.76
-279.0
-278.48
-279.56000000000006
-276.08000000000004
-276.08000000000004
-276.08
-271.52
-268.28
-264.92
-263.0
-258.8
-252.0
-249.92
-250.76
-245.88
-240.76
-240.12
-237.07999999999998
-237.44
-232.8
-235.0
-232.44
-229.48
-229.6
-228.92000000000002
-224.76
-220.79999999999998
-215.0
-212.64
-208.60000000000002
-207.16
-207.72
-208.48
-209.03999999999996
-206.4
-204.88
-206.24
-208.36
-204.72000000000003
-202.56
-202.2
-199.12
-197.28
-191.68
-191.72000000000003
-187.4
-187.52
-185.92000000000002
-184.24
-182.76
-182.24
-182.44
-182.32
-181.52
-179.08
-175.51999999999998
-172.48000000000002
-168.88
-165.48
-166.28
-166.24
-166.16
-162.95999999999998
-161.48000000000002
-161.95999999999998
-160.24
-159.39999999999998
-160.0
-158.83999999999997
-155.92000000000002
-153.72000000000003
-156.15999999999997
-154.72000000000003
-155.64000000000001
-154.48000000000002
-153.88
-152.8
-152.52
-153.0
-153.36
-153.44000000000003
-154.48000000000002
-153.88
-154.64000000000001
-151.08
-150.0
-149.36
-148.92000000000002
-147.60000000000002
-148.56
-150.12
-152.84000000000003
-150.44
-151.92000000000002
-153.16000000000003
-155.24
-147.44
-147.07999999999998
-144.4
-142.68
-144.68
-142.44
-142.84
-143.24
-143.27999999999997
-142.24
-142.24
-143.0
-140.95999999999998
-141.51999999999998
-141.88
-141.36
-141.44
-141.56
-139.48000000000002
-139.36
-136.56
-135.64
-133.68
-133.76
-131.92000000000002
-132.84
-131.95999999999998
-132.32
-135.4
-133.0
-133.76
-131.88
-131.4
-129.08
-127.28
-126.16000000000001
-124.76
-125.67999999999999
-124.28
-122.92000000000002
-122.2
-123.03999999999999
-123.76
-124.4
-123.28
-122.96000000000001
-123.36
-124.04
-122.24
-121.24000000000001
-120.88
-121.44
-121.08
-118.68
-118.83999999999999
-117.48
-119.72
-118.52000000000001
-121.28
-121.16000000000001
-119.88000000000001
-121.04
-120.68
-120.48000000000002
-123.56
-122.8
-120.36
-118.20000000000002
-120.2
-120.36
-122.08
-121.32000000000001
-119.75999999999999
-120.72000000000001
-121.76
-121.36000000000001
-121.39999999999999
-120.2
-121.24000000000001
-122.36
-123.32000000000001
-121.12
-121.08000000000001
-120.27999999999999
-120.92000000000002
-123.08
-121.39999999999999
-121.52000000000001
-122.03999999999999
-119.96000000000001
-119.56
-120.68
-121.68
-119.56
-119.36
-117.28
-117.75999999999999
-120.08
-121.0
-121.64
-121.88000000000001
-122.63999999999999
-123.24000000000001
-122.20000000000002
-121.0
-121.48
-121.16
-120.75999999999999
-120.64000000000001
-120.44
-121.12
-121.12
-122.6
-124.84
-124.88000000000001
-125.44000000000001
-125.72
-125.88000000000001
-124.48
-125.16000000000001
-125.52
-125.32000000000001
-124.72
-123.4
-122.60000000000001
-123.84
-123.56
-122.96000000000001
-124.39999999999999
-124.56
-123.24
-124.19999999999999
-124.48
-123.64
-124.8
-123.88000000000001
-124.39999999999999
-122.67999999999999
-121.8
-122.2
-122.96
-122.16
-123.08000000000001
-124.00000000000001
-125.32000000000002
-123.76
-124.20000000000002
-130.8
-131.68
-131.88
-129.96000000000004
-131.16000000000003
-132.52
-133.56
-133.16
-134.04
-133.12
-134.68
-134.32
-132.72
-132.8
-132.12
-130.88
-129.52
-130.48000000000002
-131.36
-131.20000000000002
-131.56
-131.36
-129.0
-128.8
-129.48
-121.64000000000001
-120.04
-121.8
-121.52
-119.56
-120.35999999999999
-117.2
-117.68
-118.24000000000001
-118.84
-117.44000000000001
-118.24000000000001
-120.44
-120.36000000000001
-120.88
-123.60000000000001
-123.84
-123.08
-122.64000000000001
-122.28000000000002
-128.24
-130.12
-131.8
-133.6
-135.24
-135.60000000000002
-137.44
-138.0
-141.56
-142.88
-141.92000000000002
-146.84
-146.32
-146.56
-147.52
-147.32
-146.51999999999998
-145.2
-143.51999999999998
-145.24
-144.35999999999999
-144.72
-145.0
-143.07999999999998
-143.8
-138.0
-138.92000000000002
-137.64
-137.12
-133.60000000000002
-133.6
-132.92000000000002
-132.16000000000003
-128.8
-127.47999999999999
-127.24000000000001
-122.55999999999999
-123.88
-122.44
-122.24000000000001
-123.56
-126.44
-125.44
-125.11999999999999
-123.2
-121.80000000000001
-122.08000000000001
-120.80000000000001
-121.56
-121.32000000000001
-119.56
-117.32
-116.28
-115.32000000000002
-116.04
-116.44
-115.96
-114.11999999999999
-114.84
-115.48000000000002
-115.84
-116.48
-114.92000000000002
-122.76
-121.28
-120.48
-118.08
-118.12
-118.96
-121.44
-121.88
-121.36
-120.6
-120.39999999999999
-121.71999999999998
-122.99999999999999
-123.39999999999999
-125.28
-126.36
-126.24000000000001
-125.8
-126.44
-127.52000000000001
-128.04
-128.04
-128.84
-128.92000000000002
-128.28
-121.60000000000001
-123.08
-123.4
-125.76
-126.52000000000001
-126.16
-123.0
-122.6
-123.20000000000002
-125.32
-126.60000000000002
-125.84000000000002
-126.36000000000001
-126.60000000000001
-125.47999999999999
-124.92
-125.84
-126.36000000000001
-125.60000000000001
-125.80000000000001
-124.80000000000001
-125.92
-125.68
-124.68
-125.88
-125.39999999999999
-124.96
-124.6
-123.4
-123.8
-126.24000000000001
-126.64
-126.36000000000001
-125.04000000000002
-122.64
-121.63999999999999
-121.44
-120.64000000000001
-121.16
-121.12
-121.32000000000001
-121.04000000000002
-120.60000000000001
-120.72
