-300.0
-300.0
-299.84000000000003
-299.84000000000003
-299.84000000000003
-298.15999999999997
-298.15999999999997
-298.15999999999997
-297.15999999999997
-297.15999999999997
-297.15999999999997
-297.15999999999997
-293.44
-293.44
-293.44
-293.44
-293.44
-293.44
-293.44
-293.44
-293.44
-293.44
-293.44
-290.4
-290.4
-290.4
-290.4
-290.56
-290.56
-288.76
-290.44000000000005
-289.79999999999995
-289.8
-288.8
-288.8
-285.64
-282.88
-286.6
-286.6
-286.6
-286.6
-286.6
-286.44000000000005
-281.96000000000004
-277.4
-273.24
-273.24
-273.24
-272.84000000000003
-272.84000000000003
-272.84000000000003
-268.4
-268.40000000000003
-268.12
-269.92
-269.92
-267.2
-267.20000000000005
-264.84000000000003
-264.84000000000003
-265.20000000000005
-265.16
-260.56
-259.08000000000004
-255.88
-254.8
-251.68
-251.72
-252.32000000000002
-253.20000000000005
-252.48000000000002
-250.64000000000001
-247.36000000000004
-246.96000000000004
-243.36
-238.16000000000003
-239.40000000000003
-233.72000000000003
-228.16000000000003
-222.60000000000002
-216.24
-215.48000000000002
-209.92000000000002
-209.96
-206.36
-208.28
-205.95999999999998
-209.68
-209.2
-207.07999999999998
-204.4
-202.07999999999998
-198.32
-199.08
-197.76
-199.16
-197.96
-197.12
-195.51999999999998
-196.4
-197.12
-194.12
-193.44
-195.0
-195.27999999999997
-196.35999999999999
-194.88
-200.44
-197.84
-196.8
-192.08
-190.88
-185.95999999999998
-181.36
-181.04
-178.76
-179.27999999999997
-176.44
-171.88
-172.08
-168.27999999999997
-163.72
-163.2
-161.39999999999998
-157.92000000000002
-157.36
-156.64
-158.28
-155.88
-153.76
-154.68
-152.4
-145.24
-144.8
-142.8
-141.72
-142.24
-141.07999999999998
-141.0
-140.88
-140.12
-139.4
-138.44
-139.28
-138.51999999999998
-137.64000000000001
-138.24
-137.36
-137.60000000000002
-136.4
-134.76000000000002
-135.04
-133.92000000000002
-132.48000000000002
-132.72
-131.2
-131.56
-134.64
-136.68
-135.88
-135.0
-132.76000000000002
-131.71999999999997
-130.44
-128.76000000000002
-129.24
-127.88000000000001
-127.52
-127.52000000000001
-125.39999999999999
-133.56
-134.56
-132.76
-131.96
-132.04000000000002
-131.08
-131.07999999999998
-130.04
-130.28
-130.4
-129.2
-128.2
-124.32
-121.39999999999999
-120.36
-121.08
-122.24
-125.2
-126.44
-126.32000000000001
-125.92
-125.52000000000001
-125.68
-125.96000000000001
-126.12
-118.64
-116.52
-117.76
-117.68000000000002
-119.12
-120.8
-120.08000000000001
-120.52000000000001
-119.88000000000002
-120.44
-120.08
-120.48000000000002
-121.88000000000001
-122.64
-124.16000000000001
-124.36000000000001
-123.84
-123.80000000000001
-124.16000000000003
-124.84000000000002
-123.52000000000001
-123.08000000000001
-123.08
-123.72
-122.84
-123.6
-122.72
-120.92000000000002
-120.44
-119.24000000000001
-118.36000000000001
-118.08
-124.52000000000001
-125.64000000000001
-124.03999999999999
-124.80000000000001
-127.44000000000001
-126.48
-127.88000000000002
-126.72000000000001
-125.32000000000002
-125.84000000000002
-122.96
-122.4
-122.56
-122.32
-123.28
-123.16
-123.08000000000001
-123.0
-122.36000000000001
-124.52000000000001
-125.16000000000001
-127.12
-127.75999999999999
-126.88
-127.88000000000001
-121.56
-124.92000000000002
-125.75999999999999
-126.63999999999999
-125.0
-126.39999999999999
-126.4
-127.92
-129.04
-128.28
-129.04
-128.16
-128.39999999999998
-131.07999999999998
-131.32
-131.76
-129.68
-130.8
-131.64000000000001
-138.48000000000002
-140.84000000000003
-138.88
-138.24
-141.2
-140.92000000000002
-139.04000000000002
-136.36
-135.16
-134.0
-133.28
-132.44
-130.72
-132.68
-132.16
-133.76
-136.6
-137.0
-136.64
-137.04
-136.76
-137.32
-138.24
-140.28000000000003
-138.2
-132.44
-131.36
-133.48000000000002
-132.64
-131.32000000000002
-132.24
-133.44
-132.07999999999998
-133.12
-133.92000000000002
-134.36
-133.92000000000002
-135.64
-133.07999999999998
-133.28
-133.2
-129.96
-130.24
-129.92
-127.36
-127.48
-126.4
-126.75999999999999
-125.24
-126.32
-126.43999999999998
-126.84
-126.76000000000002
-127.72
-126.84
-125.72
-127.60000000000001
-129.68
-131.16
-130.64
-138.04000000000002
-140.0
-139.24
-142.4
-143.16
-142.08
-143.12
-142.24
-142.96000000000004
-145.28000000000003
-144.16000000000003
-144.16000000000003
-143.16
-143.12
-144.04000000000002
-142.0
-139.32000000000002
-138.0
-140.84000000000003
-141.68
-140.52
-138.12
-136.4
-136.68
-136.36
-128.88
-126.52000000000001
-125.52000000000001
-122.04000000000002
-121.47999999999999
-120.76000000000002
-120.88000000000001
-120.72
-121.20000000000002
-120.12
-120.08000000000001
-122.12
-123.68
-122.88
-126.6
-126.48000000000002
-130.44
-132.84000000000003
-131.12
-130.6
-132.48000000000002
-131.92000000000002
-131.72
-129.72
-129.8
-129.88
-132.36
-135.72
-136.68
-138.12
-139.32
-138.4
-138.51999999999998
-137.83999999999997
-138.24
-138.92000000000002
-138.04
-136.16
-136.4
-132.76
-132.88
-130.44
-127.72
-126.52000000000001
-124.96000000000001
-123.52000000000001
-123.72
-124.52
-126.6
-126.16
-133.56
-132.12
-131.2
-131.48000000000002
-130.24
-130.04000000000002
-137.4
-137.52
-136.2
-135.07999999999998
-134.84
-141.76
-142.6
-143.24
-141.35999999999999
-141.0
-142.0
-142.4
-142.16000000000003
-142.88
-143.56
-143.16
-142.72
-141.16
-141.51999999999998
-134.48
-132.8
-132.16
-131.36
-132.48000000000002
-131.2
-127.96000000000001
-129.24
-128.56
-130.12
-129.16
-123.6
-123.68
-124.6
-125.88000000000001
-126.28
-126.28
-126.52000000000001
-125.96000000000001
-126.56
-125.4
-127.20000000000002
-127.12
-128.68
-130.68
-129.68
-130.56
-128.83999999999997
-127.88000000000001
-126.88000000000001
-127.76
-123.24000000000001
-123.48000000000002
-124.40000000000002
-124.84
-125.64
-124.68
-123.88000000000001
-122.4
-121.76000000000002
-123.04
-121.68
-120.84
-121.75999999999999
-120.76
