-300.0
-300.0
-300.0
-300.0
-298.0
-298.0
-298.0
-298.0
-298.0
-298.0
-298.0
-298.0
-298.0
-298.0
-298.0
-298.0
-298.0
-298.0
-298.0
-298.0
-298.0
-298.0
-298.0
-298.0
-298.0
-298.0
-298.0
-298.0
-298.0
-300.0
-300.0
-299.68
-299.68
-299.68
-299.68
-297.92
-297.92
-297.92
-297.92
-297.92
-293.32000000000005
-289.12
-289.12
-289.12
-289.12
-288.4
-288.4
-288.32000000000005
-286.56
-284.55999999999995
-284.56
-284.56
-282.08
-281.84000000000003
-281.84000000000003
-281.48
-279.4
-279.4
-279.4
-279.4
-276.71999999999997
-271.28
-271.28
-267.6
-262.4
-267.0
-268.24
-267.6
-267.6
-263.8
-260.28
-257.71999999999997
-256.8
-255.64
-254.32
-248.79999999999995
-244.88
-245.68
-242.39999999999998
-239.71999999999997
-235.48
-233.32
-228.0
-222.95999999999998
-222.6
-222.83999999999997
-227.72
-223.4
-222.07999999999998
-223.0
-220.36
-222.92
-221.16
-216.64
-217.32
-217.52
-218.12
-215.8
-213.96
-209.16
-208.28000000000003
-205.32000000000002
-202.76
-202.12
-200.64000000000001
-198.76
-198.56
-199.32
-198.36
-195.0
-194.32
-191.12
-190.95999999999998
-189.88000000000002
-187.60000000000002
-186.16
-182.08
-179.68000000000004
-178.12
-174.32
-171.36
-167.51999999999998
-164.76
-163.04
-165.91999999999996
-167.0
-166.15999999999997
-165.72
-164.72
-162.24
-163.12
-162.32
-163.16
-164.88
-161.0
-158.07999999999998
-156.51999999999998
-153.2
-152.68
-153.36
-150.16000000000003
-148.12
-145.6
-145.15999999999997
-146.84
-149.07999999999998
-149.2
-148.83999999999997
-150.56
-150.0
-147.72
-151.12
-149.24
-147.68
-148.83999999999997
-150.12
-148.52
-145.48000000000002
-141.16
-141.8
-143.28
-141.60000000000002
-143.2
-143.39999999999998
-142.36
-143.0
-143.39999999999998
-145.07999999999998
-146.0
-144.07999999999998
-142.8
-141.76
-140.48000000000002
-137.96
-137.16000000000003
-137.8
-135.32
-134.68
-135.4
-137.8
-134.51999999999998
-133.07999999999998
-133.44
-135.0
-135.68
-133.88
-134.4
-134.44
-134.08
-132.72000000000003
-131.36
-129.8
-128.04000000000002
-127.72000000000001
-127.19999999999999
-133.24
-135.0
-134.51999999999998
-134.76
-134.96
-141.92
-141.64000000000001
-142.36
-142.8
-138.32000000000002
-139.28000000000003
-140.44
-138.92000000000002
-139.8
-144.04000000000002
-148.0
-146.92000000000002
-144.72
-143.92000000000002
-146.48000000000002
-146.68
-147.72000000000003
-148.48000000000002
-148.51999999999998
-148.04000000000002
-141.64
-140.48000000000002
-142.20000000000002
-142.16
-140.56
-132.0
-131.0
-129.4
-127.08000000000001
-128.28
-128.92000000000002
-131.95999999999998
-139.88
-139.48000000000002
-135.0
-132.48
-133.56
-133.92000000000002
-135.16
-134.44
-134.04000000000002
-132.44
-130.44
-128.32
-129.4
-129.71999999999997
-128.72
-126.80000000000001
-125.8
-125.84
-125.72
-125.64000000000001
-126.28
-127.04
-125.32000000000001
-125.12
-122.08000000000001
-115.32000000000001
-114.24000000000001
-112.72
-111.44000000000001
-110.39999999999999
-111.64
-110.84
-109.24000000000001
-110.24000000000001
-110.72
-110.88000000000001
-111.12
-110.52000000000001
-110.32000000000002
-109.03999999999999
-109.44
-109.32
-109.56
-113.16
-112.84
-112.72
-114.72
-117.4
-117.28
-119.20000000000002
-118.92
-119.84
-120.84
-120.4
-121.44
-122.16000000000001
-121.88
-123.03999999999999
-123.64
-125.56000000000002
-127.28
-127.4
-128.52
-128.56
-129.64000000000001
-129.4
-130.92
-131.04000000000002
-128.12
-129.48
-130.07999999999998
-128.04000000000002
-126.44000000000001
-124.60000000000001
-123.96
-123.80000000000001
-130.52
-131.16000000000003
-132.52
-132.0
-133.0
-133.96
-134.16
-134.40000000000003
-134.24
-135.2
-134.84
-134.96
-133.95999999999998
-135.4
-136.2
-136.51999999999998
-141.16
-141.44
-141.16
-140.71999999999997
-141.84
-141.2
-149.35999999999999
-148.12
-150.16
-143.84
-142.04000000000002
-145.88
-147.08
-146.36
-145.16000000000003
-144.0
-142.36
-140.8
-140.72000000000003
-141.36
-139.68
-139.28000000000003
-142.8
-144.48000000000002
-147.92000000000002
-150.88
-152.52
-154.0
-152.8
-153.36
-155.0
-147.60000000000002
-151.68
-148.48000000000002
-148.07999999999998
-149.16000000000003
-145.51999999999998
-144.56
-143.71999999999997
-144.12
-144.92
-145.48
-145.68
-143.68
-144.68
-144.88
-144.68
-139.32
-138.60000000000002
-134.16000000000003
-126.84
-124.68
-123.68
-123.80000000000001
-121.88
-121.24
-120.96000000000001
-116.96000000000001
-120.52
-119.36
-118.91999999999999
-118.4
-117.8
-116.28
-117.24000000000001
-119.72
-120.60000000000001
-125.64000000000001
-126.11999999999999
-127.2
-128.07999999999998
-130.04000000000002
-130.16000000000003
-128.64
-128.32
-128.16
-128.88
-128.24
-129.83999999999997
-131.48000000000002
-131.04
-131.04000000000002
-132.68
-130.64
-130.32
-129.20000000000002
-129.0
-128.12
-129.76000000000002
-127.80000000000001
-125.12000000000002
-124.16
-118.84
-118.72
-117.56
-118.28
-117.52000000000001
-118.28
-120.0
-120.32
-121.32
-121.80000000000001
-122.4
-122.16
-120.32
-119.92000000000002
-121.0
-119.96000000000001
-119.28
-122.28000000000002
-124.68
-125.68
-128.0
-127.24000000000001
-128.68
-130.0
-130.20000000000002
-130.96
-132.72
-131.64
-130.51999999999998
-129.04
-128.8
-128.84
-129.88
-129.68
-128.64000000000001
-126.75999999999999
-126.72
-127.52
-127.68
-126.24000000000001
-126.16000000000001
-126.52
-126.48
-125.44000000000001
-124.84
-123.24000000000001
-123.16000000000001
-122.36000000000001
-120.32
-120.2
-120.36
-119.03999999999999
-121.56
-123.52
-124.92
-124.0
-123.6
-121.28
-119.60000000000001
-119.52
