-300.0
-300.0
-300.0
-300.0
-300.0
-300.0
-299.76
-299.76
-299.76
-299.76
-299.4
-299.4
-299.4
-299.4
-299.4
-299.4
-299.4
-299.4
-299.4
-299.4
-299.4
-299.4
-299.4
-299.4
-299.4
-299.4
-299.4
-299.4
-299.4
-299.4
-295.28
-295.52
-295.52
-295.52
-295.52
-294.68
-290.04
-286.2
-286.2
-286.2
-286.2
-285.68
-284.48
-283.6
-280.36
-280.36
-280.36
-277.96000000000004
-272.64
-272.64
-272.64
-271.12
-271.12
-267.96000000000004
-267.96000000000004
-272.08000000000004
-272.08000000000004
-270.15999999999997
-268.52
-266.96000000000004
-264.52
-269.0
-271.08
-269.44
-267.32000000000005
-262.04
-258.8
-255.35999999999999
-255.24
-257.88
-254.60000000000002
-250.08
-248.12
-251.2
-249.64000000000004
-244.8
-241.72
-240.36
-236.72
-231.79999999999998
-227.24
-222.16000000000003
-219.07999999999998
-216.96
-214.52
-215.12
-215.28000000000003
-212.24
-206.4
-204.51999999999998
-204.07999999999998
-204.56
-203.12
-198.24
-195.0
-191.36
-193.6
-191.60000000000002
-187.44
-183.72000000000003
-184.64
-186.07999999999998
-183.96
-182.96
-182.95999999999998
-186.88
-191.95999999999998
-189.12
-186.16
-183.16
-178.76
-175.16
-173.28000000000003
-176.04000000000002
-174.52
-173.48000000000002
-174.16
-174.16
-172.24
-169.88
-172.64000000000001
-169.0
-168.08
-167.88
-166.35999999999999
-165.04
-160.39999999999998
-158.32
-160.04
-159.8
-153.56
-148.52
-151.8
-152.92000000000002
-154.20000000000002
-154.44
-152.11999999999998
-152.76
-150.16
-149.16
-150.24
-148.04
-148.36
-149.76
-150.39999999999998
-149.04000000000002
-151.36
-158.64000000000001
-158.52
-165.32
-163.4
-163.12
-161.95999999999998
-162.12
-159.52000000000004
-160.96
-157.60000000000002
-154.24
-152.6
-151.48000000000002
-151.04000000000002
-150.12
-149.84
-149.24
-147.76
-147.32
-145.28
-143.28
-141.71999999999997
-145.0
-143.68
-140.08
-133.32
-134.4
-126.75999999999999
-126.44
-128.36
-127.96000000000001
-128.68
-128.92000000000002
-128.2
-130.4
-133.20000000000002
-135.12
-133.96
-134.60000000000002
-133.76
-132.64
-134.76
-136.32
-135.36
-134.12
-135.44
-135.56
-130.28
-128.92000000000002
-131.4
-130.32
-128.76
-130.44
-131.64000000000001
-130.60000000000002
-129.68
-128.8
-128.6
-126.56000000000002
-125.44000000000001
-124.56
-122.20000000000002
-122.68
-121.96000000000001
-126.28
-126.16
-123.80000000000001
-122.52000000000001
-121.4
-123.92
-123.4
-124.16
-124.96000000000001
-133.16000000000003
-130.12
-129.68
-130.76
-130.4
-128.44
-128.28
-129.04000000000002
-129.08
-128.44000000000003
-131.36
-130.36
-131.72
-132.16
-132.84
-133.52
-128.52
-128.72000000000003
-130.76
-132.44
-132.76
-130.76
-130.0
-130.07999999999998
-130.04
-124.6
-124.2
-126.76
-126.08
-124.36
-124.24
-123.32
-124.12
-123.03999999999999
-123.28
-122.24000000000001
-122.56
-120.56
-119.8
-118.44000000000001
-117.88000000000001
-118.6
-118.92
-118.72
-116.88
-119.6
-119.36000000000001
-120.32000000000001
-120.2
-120.84
-118.6
-120.88000000000001
-118.32000000000001
-117.4
-118.80000000000001
-119.76
-119.56
-118.76
-117.44
-119.24000000000001
-120.6
-121.72
-120.12
-120.6
-128.8
-129.24
-129.16
-128.12
-127.12
-127.67999999999999
-125.44
-124.52
-123.12
-123.64
-121.88000000000001
-121.76
-121.32000000000001
-121.28
-123.12000000000002
-121.4
-122.28
-122.76000000000002
-123.83999999999999
-124.48
-122.48000000000002
-119.28
-119.32
-120.88000000000001
-119.32000000000002
-115.56
-115.24000000000001
-115.92
-115.52
-116.72
-116.56
-117.63999999999999
-118.72
-119.6
-118.8
-119.32
-119.68
-117.84000000000002
-119.32000000000001
-118.60000000000001
-119.64000000000001
-120.64
-123.36000000000001
-121.8
-122.12
-123.75999999999999
-125.32000000000002
-125.44000000000001
-124.12
-124.64000000000001
-120.64
-119.68
-120.16
-121.52000000000001
-118.96000000000001
-119.56
-118.48
-118.80000000000001
-118.60000000000001
-118.36000000000001
-118.04
-118.36000000000001
-118.08000000000001
-117.64
-119.16
-119.44
-117.44
-114.36000000000001
-122.12
-121.48
-122.56
-123.48
-123.2
-123.68
-123.16000000000001
-124.96000000000001
-125.52000000000001
-123.64000000000001
-123.4
-124.80000000000001
-123.60000000000002
-126.92
-127.19999999999999
-127.48
-127.04
-128.84
-129.59999999999997
-131.64
-132.8
-132.04
-132.68
-132.92000000000002
-134.60000000000002
-128.64000000000001
-131.07999999999998
-130.52
-129.76000000000002
-128.95999999999998
-130.56
-131.04
-129.96
-129.28
-131.56
-131.64
-132.2
-134.48000000000002
-130.28
-129.88
-131.6
-132.44
-131.36
-131.56
-131.32
-130.56
-130.2
-128.88
-129.92000000000002
-131.16000000000003
-137.12
-135.24
-135.6
-136.24
-136.64
-136.08
-139.72000000000003
-139.07999999999998
-140.39999999999998
-139.76
-140.6
-139.88
-138.6
-140.12
-141.23999999999998
-139.88
-139.36
-138.64
-138.32
-138.16000000000003
-137.96
-139.32
-141.76
-140.0
-142.56
-135.44
-134.88
-132.84000000000003
-130.44
-131.04
-131.68
-130.92000000000002
-130.20000000000002
-130.84
-132.0
-130.44
-131.88
-132.04000000000002
-132.28
-136.48000000000002
-135.36
-135.2
-136.88
-135.88
-136.76
-135.32
-133.8
-131.0
-132.24
-135.12
-136.32
-136.51999999999998
-136.56
-136.56
-136.12
-134.24
-132.68
-132.96
-134.08
-133.0
-133.36
-139.36
-138.92000000000002
-137.08
-130.92000000000002
-131.92000000000002
-132.51999999999998
-130.96
-130.07999999999998
-131.24
-133.04000000000002
-131.6
-133.04000000000002
-132.16000000000003
