-296.44
-296.44
-296.44
-296.44
-296.44
-296.44
-293.88
-292.36
-287.96000000000004
-287.96000000000004
-283.0
-280.24
-276.12
-276.12
-275.84000000000003
-274.32
-270.12
-267.12
-263.04
-259.20000000000005
-257.20000000000005
-252.92000000000002
-252.92000000000002
-247.83999999999997
-243.6
-236.96
-235.32
-228.27999999999997
-224.39999999999998
-219.76
-214.27999999999997
-211.27999999999997
-211.88
-212.36
-211.2
-210.4
-207.68
-206.48000000000002
-199.72
-192.79999999999998
-187.92
-186.8
-185.2
-181.51999999999998
-179.16000000000003
-174.8
-173.44
-166.84000000000003
-166.07999999999998
-164.48000000000002
-164.51999999999998
-161.68
-164.4
-162.92000000000002
-161.64000000000001
-162.04
-160.12
-154.07999999999998
-153.44
-148.44
-146.68
-145.16000000000003
-144.12
-143.0
-145.08
-148.08
-146.0
-144.56
-144.2
-142.44
-141.84
-140.60000000000002
-140.88
-140.84
-144.76
-144.88
-143.0
-140.68
-139.07999999999998
-138.71999999999997
-137.12
-137.56
-138.16000000000003
-134.92
-134.35999999999999
-133.92000000000002
-133.96
-131.84000000000003
-132.64000000000001
-130.36
-126.20000000000002
-125.96000000000001
-124.76000000000002
-125.56
-124.88000000000001
-124.67999999999999
-124.80000000000001
-123.36
-122.04
-118.28
-117.12
-115.68
-115.12
-113.68
-111.0
-109.0
-107.64
-107.55999999999999
-107.96
-106.92
-106.88
-107.6
-108.2
-106.64000000000001
-107.84000000000002
-107.76
-106.56
-104.80000000000001
-103.6
-104.08
-102.72000000000001
-103.52000000000001
-104.80000000000001
-104.20000000000002
-104.12
-105.28
-107.72000000000001
-107.28000000000002
-109.32000000000002
-110.52000000000001
-111.08
-112.44000000000001
-111.08000000000001
-110.4
-109.75999999999999
-109.88
-109.47999999999999
-109.6
-109.72
-108.08000000000001
-109.84
-112.08000000000001
-114.48000000000002
-116.80000000000001
-116.48000000000002
-118.00000000000001
-115.8
-113.92
-113.80000000000001
-115.4
-115.4
-112.84
-112.12
-111.2
-112.08000000000001
-113.04
-112.92000000000002
-112.80000000000001
-112.08000000000001
-113.64000000000001
-113.44
-112.64000000000001
-111.44
-113.0
-113.88
-114.20000000000002
-112.16
-110.79999999999998
-108.63999999999999
-108.92
-108.08000000000001
-107.64
-108.08000000000001
-107.44000000000001
-106.64000000000001
-104.2
-103.68
-102.80000000000001
-103.0
-102.03999999999999
-102.28
-101.96000000000001
-102.60000000000001
-103.64000000000001
-102.4
-102.44
-101.80000000000001
-103.36
-101.8
-101.2
-100.24
-100.20000000000002
-100.6
-100.36000000000001
-101.32000000000001
-100.48
-99.88000000000002
-100.76
-101.84
-101.08000000000001
-101.68
-101.84
-102.88
-102.24000000000001
-110.08000000000001
-109.80000000000001
-107.8
-107.07999999999998
-106.32
-106.8
-107.32
-108.08000000000001
-107.16
-107.52
-106.72
-106.08000000000001
-106.04
-106.08000000000001
-107.92000000000002
-108.24000000000001
-108.64000000000001
-110.48
-108.80000000000001
-109.72
-109.68
-109.32000000000001
-109.84
-110.48
-110.80000000000001
-103.47999999999999
-102.2
-103.68
-104.6
-104.6
-105.0
-105.24
-105.52000000000001
-106.08
-106.72
-106.56
-106.68
-108.0
-106.52000000000001
-104.64000000000001
-103.52000000000001
-103.44000000000001
-101.88000000000001
-101.80000000000001
-100.16
-100.52000000000001
-100.72
-108.48
-108.56
-115.96000000000001
-114.32
-117.4
-118.16
-117.72
-119.04
-117.88000000000001
-116.4
-115.36000000000001
-115.20000000000002
-116.60000000000001
-116.32000000000001
-116.72
-116.12
-117.28
-117.32
-117.4
-118.0
-118.47999999999999
-118.24000000000001
-118.4
-118.96000000000001
-127.44000000000001
-118.8
-117.72
-108.79999999999998
-111.0
-109.47999999999999
-108.56
-108.48
-108.6
-108.67999999999999
-108.47999999999999
-108.88
-113.0
-110.36
-110.88
-110.39999999999999
-110.2
-109.36000000000001
-109.48
-109.08000000000001
-110.96000000000001
-111.67999999999999
-112.68
-113.36
-115.12
-107.52000000000001
-108.44
-108.84
-110.12
-109.12
-109.20000000000002
-109.32000000000001
-107.64
-106.24000000000001
-106.32
-107.20000000000002
-106.0
-102.72
-102.84
-103.4
-104.56
-103.60000000000001
-106.12
-105.56
-105.76
-104.48
-107.28
-107.44
-106.0
-104.44
-103.16
-103.16000000000001
-103.76
-102.75999999999999
-110.52
-110.03999999999999
-109.96
-112.4
-112.8
-113.28
-113.12
-114.0
-112.0
-112.68
-112.68
-111.76
-112.75999999999999
-111.0
-111.19999999999999
-112.44
-114.24
-110.64
-112.28
-113.72
-112.32
-113.92
-113.92
-114.2
-114.52
-106.92
-105.32000000000001
-107.19999999999999
-106.16
-106.11999999999999
-106.83999999999999
-106.28
-106.08
-106.64000000000001
-107.08
-106.80000000000001
-107.32
-106.64000000000001
-107.72
-109.24000000000001
-107.28
-104.84
-106.48000000000002
-104.84
-107.67999999999999
-109.68
-108.76
-107.88000000000001
-107.24000000000001
-106.60000000000001
-106.80000000000001
-106.75999999999999
-105.08000000000001
-105.32
-105.08
-106.12
-107.16000000000001
-107.92
-107.20000000000002
-106.48
-106.44
-105.96000000000001
-106.68
-104.32
-103.64
-104.12
-105.20000000000002
-103.24000000000001
-102.88000000000001
-99.76
-97.44000000000001
-98.36000000000001
-99.0
-100.08
-100.72
-100.91999999999999
-101.4
-104.2
-103.19999999999999
-103.28
-100.88
-100.47999999999999
-100.24000000000001
-102.44
-103.64000000000001
-103.2
-105.12
-105.16
-105.88
-105.92000000000002
-107.0
-105.19999999999999
-105.72
-105.80000000000001
-105.08000000000001
-105.80000000000001
-105.44
-105.08
-103.16
-102.52000000000001
-101.36000000000001
-101.16000000000001
-98.4
-98.52
-97.84
-97.36000000000001
-97.32000000000001
-98.76
-98.08000000000001
-98.0
-97.88
-96.44
-97.12
-99.32000000000001
-100.12
-100.92000000000002
-100.68
-101.68
-102.36
-102.08000000000001
-101.68
-100.75999999999999
-101.35999999999999
-102.72
-102.83999999999999
-103.08000000000001
-104.16
-103.47999999999999
-105.75999999999999
-109.64
-109.84
-109.6
-107.72
-108.96000000000001
-107.75999999999999
-109.28
-108.64
-109.6
-108.0
-107.92000000000002
-106.80000000000001
-107.08
-106.96000000000001
-105.92
-106.52
-107.56
-107.72
