-297.64
-296.48
-296.48
-296.04
-293.12
-293.0
-293.0
-287.79999999999995
-287.79999999999995
-287.36
-284.72
-280.12
-278.28
-273.6
-273.6
-270.52
-268.24
-268.24
-262.72
-261.52
-258.72
-253.72
-251.48000000000002
-250.76
-248.95999999999998
-244.84
-242.88
-239.24
-233.68
-231.12
-225.36
-220.92000000000002
-220.36
-217.0
-212.16
-210.88
-208.71999999999997
-206.88
-205.88
-200.27999999999997
-198.32
-195.04000000000002
-191.76
-191.4
-186.88
-184.39999999999998
-182.04000000000002
-178.0
-172.92000000000002
-168.68
-164.88
-161.88
-157.56
-158.64
-156.52
-154.88
-154.48
-154.72
-151.12
-149.8
-145.32
-144.44
-140.92000000000002
-140.12
-138.36
-136.88
-136.76
-134.2
-132.84
-131.32
-129.68
-128.68
-131.36
-130.96
-130.12
-133.36
-134.92000000000002
-136.56
-134.48
-134.96
-137.27999999999997
-135.0
-134.0
-134.88000000000002
-133.28
-133.84
-134.51999999999998
-134.12
-134.48000000000002
-135.48
-135.08
-134.07999999999998
-133.28000000000003
-136.48000000000002
-135.52
-136.92000000000002
-137.92000000000002
-135.4
-135.40000000000003
-134.12
-130.68
-126.52000000000001
-124.92
-124.96000000000001
-132.08
-130.72000000000003
-130.4
-130.08
-128.16
-127.52000000000001
-127.4
-126.84
-126.6
-125.28
-124.96000000000001
-123.88
-124.75999999999999
-126.68
-122.72
-123.20000000000002
-123.56
-123.36
-122.52
-121.8
-123.12
-123.32000000000002
-127.0
-126.91999999999999
-126.68
-119.24000000000001
-117.6
-116.56000000000002
-115.24000000000001
-115.52000000000001
-117.24000000000001
-119.60000000000001
-119.32
-118.88000000000001
-118.84
-117.64
-117.4
-114.56
-112.76
-113.12
-112.56
-109.2
-109.08000000000001
-109.4
-109.48
-108.32
-107.56
-105.4
-104.96000000000001
-104.16000000000001
-103.16000000000001
-103.08000000000001
-102.91999999999999
-103.48
-103.24000000000001
-102.4
-100.24
-100.08
-103.39999999999999
-103.04
-106.92
-106.84
-107.60000000000001
-105.36
-104.48
-104.56
-104.88
-104.28
-103.16000000000001
-103.36000000000001
-102.52000000000001
-102.88
-102.52000000000001
-102.92000000000002
-103.64
-104.28
-104.92
-105.28
-104.44000000000001
-104.44
-103.8
-103.36000000000001
-102.80000000000001
-100.12
-100.96000000000001
-98.60000000000001
-99.24000000000001
-99.28
-99.52000000000001
-100.4
-100.08000000000001
-100.88000000000001
-100.24
-101.0
-101.72
-104.96000000000001
-105.96000000000001
-105.68
-105.2
-103.75999999999999
-103.28
-103.20000000000002
-104.2
-104.2
-104.56
-105.08000000000001
-106.0
-107.56
-107.72
-105.92
-103.76
-102.92
-102.96000000000001
-103.56
-104.24000000000001
-103.56
-101.8
-102.44
-101.56
-99.32
-97.36
-97.52
-97.72
-97.84
-98.56
-99.44
-97.96
-96.4
-96.60000000000001
-96.88000000000001
-96.56
-95.4
-93.8
-93.12
-95.48
-95.52
-104.03999999999999
-103.68
-103.52000000000001
-102.24000000000001
-103.32000000000001
-103.92
-103.24000000000001
-103.4
-104.48
-104.76000000000002
-104.16
-103.28
-104.03999999999999
-104.28
-103.36
-104.35999999999999
-105.28
-105.08
-105.11999999999999
-105.2
-106.32
-107.03999999999999
-109.08
-109.32
-108.60000000000001
-100.4
-100.68
-100.28000000000002
-101.44
-100.72
-100.84
-102.80000000000001
-103.84
-105.08
-105.2
-106.08
-106.2
-106.96000000000001
-107.32
-107.79999999999998
-107.84
-107.84
-107.52000000000001
-106.64
-106.96000000000001
-105.68
-107.16
-105.36000000000001
-106.03999999999999
-107.64000000000001
-107.44
-106.80000000000001
-106.92
-107.36
-107.56
-107.24000000000001
-106.56
-105.68
-105.35999999999999
-105.4
-105.4
-110.32
-109.56
-109.12
-108.60000000000001
-109.48
-109.0
-110.72
-110.80000000000001
-112.08000000000001
-115.39999999999999
-115.75999999999999
-117.08
-115.24
-115.19999999999999
-114.75999999999999
-116.16
-116.28
-114.80000000000001
-115.08
-116.96000000000001
-115.72
-114.60000000000001
-113.28
-113.24000000000001
-111.44
-105.36000000000001
-103.96000000000001
-103.03999999999999
-104.4
-103.64
-105.24000000000001
-105.52
-105.24
-105.03999999999999
-104.19999999999999
-102.16
-101.88
-101.28
-101.88000000000001
-104.16
-102.56
-104.56
-112.68
-111.88000000000001
-110.6
-110.68
-112.28
-114.0
-112.52000000000001
-114.0
-116.36
-118.56
-118.48
-118.96000000000001
-118.12
-116.88
-114.92000000000002
-115.96000000000001
-114.56
-112.28000000000002
-112.12
-110.84
-111.39999999999999
-109.96000000000001
-108.07999999999998
-108.32000000000001
-107.16
-98.47999999999999
-99.28
-98.84
-99.12
-98.16
-97.19999999999999
-98.88000000000001
-106.08000000000001
-104.68
-103.60000000000001
-112.08
-110.52000000000001
-111.08000000000001
-110.60000000000001
-111.12
-109.92
-112.24
-113.32000000000001
-115.4
-115.64
-114.36000000000001
-114.56
-114.84
-115.68
-115.36
-116.28
-122.72000000000001
-124.12
-125.0
-125.52000000000001
-125.88
-125.36
-117.63999999999999
-118.48
-119.00000000000001
-115.08000000000001
-115.84
-115.24000000000001
-116.24000000000001
-118.08
-119.60000000000001
-117.36
-116.32000000000001
-114.08000000000001
-114.2
-115.76
-115.64000000000001
-115.52000000000001
-115.52
-114.84
-115.0
-109.36000000000001
-108.72
-109.72
-110.52000000000001
-110.16
-115.28
-115.96000000000001
-116.28
-115.52000000000001
-111.60000000000001
-115.4
-116.12
-116.56
-114.56
-113.84000000000002
-114.00000000000001
-115.28
-116.28
-115.28
-115.0
-115.72
-117.0
-116.24000000000001
-116.36000000000001
-117.64000000000001
-117.48
-117.4
-117.88
-116.75999999999999
-116.16
-111.28
-111.96000000000001
-111.12
-111.88
-111.63999999999999
-108.2
-108.44
-107.4
-108.2
-107.28
-107.48
-107.19999999999999
-107.52
-107.92000000000002
-107.16
-107.91999999999999
-106.36
-108.24
-108.64
-110.19999999999999
-109.60000000000001
-108.92
-106.96000000000001
-107.84
-107.84
-106.92
-106.52000000000001
