-299.4
-297.88
-297.88
-296.8
-296.8
-294.24
-292.72
-290.68
-290.68
-290.68
-290.68
-290.68
-285.68
-281.88
-280.0
-279.68
-274.72
-274.72
-272.68
-268.20000000000005
-267.0
-260.88
-258.24
-254.20000000000002
-249.76
-243.4
-239.84000000000003
-235.12
-230.28
-224.16
-221.36
-216.60000000000002
-214.44
-208.84000000000003
-202.72000000000003
-198.96000000000004
-193.88
-191.04000000000002
-188.72000000000003
-184.8
-180.12
-178.24
-171.48000000000002
-167.84000000000003
-167.84
-162.0
-163.64
-160.28
-158.76000000000002
-157.76
-156.28000000000003
-153.88
-153.28
-153.95999999999998
-154.07999999999998
-152.68
-153.0
-152.36
-149.92000000000002
-151.44
-149.32
-148.8
-151.04000000000002
-151.64
-153.0
-150.32
-149.4
-148.04000000000002
-146.48
-145.27999999999997
-144.88
-140.64
-138.92000000000002
-136.2
-135.36
-135.28000000000003
-136.07999999999998
-133.44
-131.4
-129.88
-133.44
-131.08
-129.0
-132.28000000000003
-129.52
-128.68
-126.75999999999999
-123.91999999999999
-121.28
-119.24
-119.76
-119.76
-120.60000000000001
-119.84
-117.96000000000001
-125.4
-126.68
-126.4
-127.52000000000001
-126.24000000000001
-126.48
-125.68
-127.24000000000001
-129.12
-129.16000000000003
-125.2
-125.96000000000001
-126.08
-122.80000000000001
-121.96000000000001
-120.24
-121.00000000000001
-122.56
-123.2
-123.08000000000001
-123.19999999999999
-123.76000000000002
-123.12
-123.36000000000001
-124.08000000000001
-116.44
-116.24000000000001
-116.2
-116.4
-119.67999999999999
-118.32000000000001
-117.56
-115.60000000000001
-114.64
-113.80000000000001
-112.08000000000001
-110.52
-117.32
-119.19999999999999
-118.75999999999999
-120.56
-119.2
-118.39999999999999
-121.44
-118.83999999999999
-117.80000000000001
-117.64000000000001
-118.8
-119.32000000000001
-118.6
-117.6
-116.84
-116.52000000000001
-115.47999999999999
-112.64
-112.36
-113.08000000000001
-114.2
-112.6
-112.64
-113.48000000000002
-113.96000000000001
-106.32
-103.91999999999999
-104.68
-103.03999999999999
-103.24000000000001
-103.80000000000001
-99.6
-100.52
-101.44
-101.03999999999999
-100.12
-98.8
-100.0
-100.28
-100.12
-101.88
-103.08
-101.52000000000001
-103.4
-103.04
-103.08
-102.92
-103.48
-103.44
-107.68
-107.2
-108.44
-108.48000000000002
-109.88
-111.52
-109.4
-109.44
-109.0
-108.63999999999999
-108.19999999999999
-108.56
-109.4
-116.36
-117.88000000000001
-118.12
-116.32000000000001
-115.76
-120.80000000000001
-119.96000000000001
-120.28000000000002
-120.04
-119.92000000000002
-120.0
-120.04
-116.48
-116.04
-115.72
-116.12
-114.72
-112.44000000000001
-113.8
-114.64
-115.76
-115.04
-114.64
-113.2
-112.44
-103.63999999999999
-103.19999999999999
-103.28
-104.12
-103.12
-98.20000000000002
-97.56
-95.6
-95.08000000000001
-96.4
-95.88000000000001
-95.16000000000001
-95.88
-96.24
-95.67999999999999
-95.0
-95.36
-95.16
-103.03999999999999
-102.32
-102.84
-103.48000000000002
-103.4
-103.92000000000002
-104.12
-104.52000000000001
-104.20000000000002
-105.08000000000001
-103.88000000000001
-103.84
-104.0
-105.44
-108.4
-108.0
-106.75999999999999
-106.16000000000001
-106.64
-107.72
-107.92000000000002
-108.08000000000001
-109.4
-109.6
-109.8
-101.72
-102.48
-101.96000000000001
-102.0
-101.92
-103.4
-103.0
-107.16
-106.36000000000001
-105.72
-106.68
-107.03999999999999
-108.04
-106.8
-105.56
-106.88
-107.76
-108.80000000000001
-109.03999999999999
-107.2
-107.48000000000002
-106.91999999999999
-105.12
-105.0
-105.6
-105.64000000000001
-104.88000000000001
-105.6
-106.28
-106.75999999999999
-104.88
-105.68
-101.92
-101.56
-101.0
-101.2
-100.84
-100.91999999999999
-101.0
-101.84
-100.24
-100.08
-99.64
-103.6
-104.4
-105.24
-106.19999999999999
-107.6
-107.52
-107.75999999999999
-107.68
-108.16000000000001
-107.0
-105.08000000000001
-104.84
-105.52000000000001
-105.92
-106.72
-106.56
-106.32000000000001
-106.2
-105.76
-104.28
-106.52000000000001
-104.88
-104.96
-104.0
-103.48
-98.68
-97.80000000000001
-96.36
-96.48
-95.28
-94.88
-94.19999999999999
-94.32
-93.56
-97.19999999999999
-97.68
-98.12
-97.16
-97.84
-96.56
-96.92
-97.75999999999999
-98.16
-99.56
-99.44
-97.96000000000001
-99.48
-99.44
-100.16
-99.52000000000001
-100.08
-99.0
-98.84
-97.44
-97.2
-99.32
-100.2
-99.36
-100.36
-96.03999999999999
-95.60000000000001
-95.72
-104.64000000000001
-104.24000000000001
-104.24000000000001
-105.2
-106.24000000000001
-105.03999999999999
-104.84
-106.24000000000001
-108.24000000000001
-106.76000000000002
-107.64000000000001
-109.36000000000001
-110.44000000000001
-111.84
-113.47999999999999
-112.72000000000001
-114.80000000000001
-115.52000000000001
-121.72
-120.24000000000001
-122.0
-121.92
-122.80000000000001
-125.08000000000001
-125.28000000000002
-117.16
-115.08
-116.16
-115.36
-113.84
-114.32
-112.92000000000002
-114.0
-110.96000000000001
-110.84
-110.12
-108.68
-110.36
-109.32000000000001
-108.24000000000001
-109.28
-107.68
-108.24000000000001
-100.64
-101.03999999999999
-101.12
-100.92
-102.80000000000001
-101.16
-101.32000000000001
-102.64
-104.03999999999999
-111.44
-112.24000000000001
-113.24000000000001
-113.84
-115.12
-114.16
-114.88000000000001
-117.76
-117.4
-118.0
-116.80000000000001
-116.68
-117.2
-117.96000000000001
-119.28
-119.36
-119.76000000000002
-123.48
-124.36
-124.20000000000002
-122.32
-122.56
-122.03999999999999
-120.0
-119.72
-111.04
-110.28
-109.56
-108.84
-108.64
-107.8
-108.04
-105.24
-106.36000000000001
-106.32
-106.6
-106.96000000000001
-107.32000000000002
-106.36
-106.52000000000001
-105.60000000000002
-104.16000000000001
-100.48
-98.20000000000002
-99.0
-98.16
-97.48
-97.88
-99.08000000000001
-99.32
-100.32000000000001
-100.12
-100.88
-107.36
-106.08000000000001
-105.88
-106.16000000000001
