46.879999999999995
48.24
48.64
49.239999999999995
50.92
54.28
64.4
67.92
71.48
72.88
80.64000000000001
88.76
98.08000000000001
106.28
106.0
111.75999999999999
121.15999999999998
131.2
132.64
132.68
136.32
139.64
141.51999999999998
143.24
142.32
143.16000000000003
146.12
149.51999999999998
152.56
152.88
153.0
145.76
147.12
154.28
160.59999999999997
164.2
164.52
158.44000000000003
151.32
150.44
143.76
136.16000000000003
132.36
139.56
147.4
150.56
151.83999999999997
154.8
162.6
166.2
165.28
164.8
165.0
163.4
161.0
165.83999999999997
172.68
179.28000000000003
171.24
165.88
158.56
153.84
162.16000000000003
163.32
171.72
173.12
169.60000000000002
166.8
159.28
151.48000000000002
148.88
147.84
144.96
137.44
134.20000000000002
131.32000000000002
131.12
131.0
131.6
132.28
127.72
124.28
118.8
116.8
116.91999999999999
120.24000000000001
120.92
112.88000000000001
111.0
111.75999999999999
111.44
122.56
122.96000000000001
130.48000000000002
131.36
138.60000000000002
146.44
154.76
162.68
172.96
176.48
178.39999999999998
181.51999999999998
183.2
186.12
185.12
182.88
188.36
198.39999999999998
206.32
210.32
217.04
225.07999999999998
232.92
232.91999999999996
240.39999999999998
240.39999999999998
248.04000000000002
240.07999999999998
247.0
247.0
247.0
247.0
236.92000000000002
236.92000000000002
244.27999999999997
250.0
246.88
253.11999999999998
259.72
268.20000000000005
274.28
274.28
274.28
274.28
274.28
274.28
274.28
274.28
274.28
274.28
274.28
274.28
282.24
282.24
276.52
276.52
276.52
283.96000000000004
283.96000000000004
283.96000000000004
283.96000000000004
291.64
291.64
291.64
291.64
291.64
291.64
291.64
291.64
291.64
291.64
291.64
291.64
291.64
291.64
291.64
291.64
291.64
291.64
297.36
297.36
297.36
300.0
293.88
293.88
293.88
293.88
293.88
293.88
293.88
293.88
293.88
293.88
286.28
286.28
276.2
276.2
276.2
276.2
276.2
266.12
256.28000000000003
256.28000000000003
256.28000000000003
256.28000000000003
256.28000000000003
256.28000000000003
256.28000000000003
262.40000000000003
262.40000000000003
262.40000000000003
262.40000000000003
262.40000000000003
251.24
251.24
251.24
251.24
251.24
258.84000000000003
258.84000000000003
268.92
268.92
268.92
268.92
268.92
279.0
288.84000000000003
288.84000000000003
288.84000000000003
288.84000000000003
288.84000000000003
288.84000000000003
288.84000000000003
288.84000000000003
288.84000000000003
288.84000000000003
288.84000000000003
288.84000000000003
300.0
300.0
300.0
300.0
300.0
298.8
298.8
298.8
298.8
298.8
298.8
298.8
298.8
298.8
298.8
298.8
298.8
298.8
298.8
298.8
298.8
298.8
298.8
298.8
298.8
298.8
287.52
287.52
287.52
287.52
288.72
288.72
288.72
288.72
288.72
288.72
288.72
288.72
288.72
288.72
288.72
288.72
288.72
288.72
288.72
288.72
288.72
288.72
277.72
277.72
277.72
289.0
289.0
289.0
289.0
289.0
289.0
289.0
289.0
289.0
289.0
289.0
289.0
289.0
289.0
289.0
289.0
289.0
289.0
289.0
289.0
289.0
289.0
300.0
300.0
300.0
300.0
300.0
300.0
300.0
300.0
300.0
300.0
300.0
300.0
300.0
300.0
300.0
300.0
300.0
300.0
300.0
300.0
300.0
300.0
300.0
300.0
300.0
300.0
300.0
300.0
300.0
300.0
300.0
300.0
300.0
300.0
300.0
300.0
300.0
300.0
300.0
300.0
300.0
297.28
297.28
295.36
295.36
295.36
295.36
295.36
295.36
295.36
295.36
295.36
295.36
295.36
295.36
295.36
295.36
295.36
295.36
295.36
295.36
295.36
295.36
295.36
295.36
295.36
298.08
298.08
300.0
300.0
300.0
300.0
300.0
300.0
300.0
300.0
300.0
300.0
300.0
300.0
300.0
300.0
300.0
300.0
300.0
300.0
300.0
300.0
300.0
300.0
300.0
300.0
300.0
300.0
300.0
300.0
300.0
300.0
300.0
300.0
300.0
300.0
300.0
300.0
300.0
300.0
300.0
300.0
300.0
300.0
300.0
300.0
300.0
300.0
300.0
300.0
300.0
300.0
300.0
300.0
300.0
300.0
300.0
300.0
300.0
300.0
300.0
300.0
300.0
300.0
300.0
300.0
300.0
300.0
300.0
300.0
300.0
300.0
300.0
300.0
300.0
300.0
300.0
300.0
300.0
300.0
300.0
300.0
300.0
300.0
300.0
300.0
300.0
300.0
300.0
300.0
300.0
300.0
300.0
300.0
300.0
300.0
300.0
300.0
300.0
300.0
300.0
300.0
300.0
300.0
300.0
300.0
300.0
300.0
