39.519999999999996
43.88
45.84
49.8
53.879999999999995
56.8
60.96
63.8
67.56
70.75999999999999
75.72
78.6
82.92
88.32
91.64
98.32000000000001
101.76
105.44
105.60000000000001
103.52000000000001
102.44000000000001
105.56
103.32000000000001
103.24
106.0
108.16
105.64
106.64
105.96000000000001
107.47999999999999
107.19999999999999
104.47999999999999
105.92
107.4
115.56
115.92000000000002
116.76
117.16
116.68
117.32000000000001
113.96
114.28
112.91999999999999
112.56
113.72
112.75999999999999
112.63999999999999
115.24
115.68
116.44
115.60000000000001
119.6
121.08000000000001
124.0
122.72
123.32
127.04
128.44
127.36
119.80000000000001
119.44
118.64
118.44000000000001
117.24000000000001
116.56000000000002
117.00000000000001
114.4
115.44
123.24000000000001
125.84
129.2
137.12
143.8
145.8
149.20000000000002
154.64
153.36
159.44
164.83999999999997
171.8
178.52
179.84
179.64
179.52
179.8
178.59999999999997
178.76
177.52
176.60000000000002
175.4
171.96
172.4
170.48000000000002
162.64
160.76
159.72
152.4
146.56
147.12
143.79999999999998
145.24
145.20000000000002
136.6
135.48000000000002
131.60000000000002
126.92000000000002
131.64000000000001
132.04000000000002
132.84000000000003
139.68
142.44
150.16000000000003
153.28
156.39999999999998
164.28
175.35999999999999
185.24
187.68
188.04000000000002
188.88
189.60000000000002
190.84000000000003
190.48000000000002
188.44
188.76000000000002
180.88
180.48000000000002
182.07999999999998
173.6
170.44
167.36
159.92000000000002
158.64
158.56
152.16
157.04
149.4
143.67999999999998
139.96
132.72
132.72
125.35999999999999
125.79999999999998
125.44
125.92
133.04
139.12
146.28
153.4
160.36
170.12
177.51999999999998
178.68
188.28
189.07999999999998
193.95999999999998
201.39999999999998
208.39999999999998
215.2
222.04
216.24
218.0
228.51999999999998
229.92
237.16
237.16
244.51999999999998
251.44
259.28
266.12
266.12
266.12
266.12
266.12
266.12
266.12
266.12
271.96
266.76
273.0
275.84000000000003
275.84000000000003
275.84000000000003
275.84000000000003
275.84000000000003
281.64
287.52
287.52
294.76
294.76
294.76
294.76
294.76
294.76
294.76
294.76
294.76
294.76
294.76
294.76
294.76
294.76
294.76
299.96000000000004
299.96000000000004
300.0
300.0
300.0
300.0
300.0
300.0
300.0
300.0
300.0
300.0
300.0
300.0
300.0
300.0
300.0
300.0
300.0
300.0
300.0
300.0
300.0
300.0
300.0
300.0
300.0
300.0
300.0
300.0
300.0
300.0
300.0
300.0
300.0
300.0
300.0
300.0
300.0
298.72
298.72
298.72
298.72
298.72
298.72
298.72
298.72
298.72
298.72
298.72
298.72
298.72
298.72
298.72
298.72
298.72
298.72
298.72
298.72
298.72
298.72
298.72
298.72
298.72
300.0
300.0
300.0
300.0
300.0
300.0
300.0
300.0
300.0
300.0
300.0
300.0
300.0
300.0
300.0
300.0
300.0
300.0
300.0
300.0
300.0
300.0
300.0
300.0
300.0
300.0
300.0
300.0
300.0
300.0
300.0
300.0
300.0
300.0
300.0
300.0
296.24
296.24
296.24
296.24
296.24
296.24
296.24
296.24
296.24
296.24
296.24
296.24
296.24
296.24
296.24
296.24
296.24
296.24
296.24
296.24
296.24
296.24
296.24
296.24
296.24
300.0
300.0
300.0
300.0
300.0
300.0
300.0
300.0
300.0
300.0
300.0
300.0
300.0
300.0
300.0
300.0
300.0
300.0
300.0
300.0
300.0
300.0
300.0
300.0
300.0
300.0
300.0
300.0
300.0
300.0
300.0
300.0
300.0
300.0
300.0
300.0
300.0
300.0
300.0
300.0
300.0
300.0
300.0
300.0
300.0
300.0
300.0
300.0
300.0
300.0
300.0
300.0
300.0
300.0
300.0
300.0
300.0
300.0
300.0
300.0
300.0
300.0
300.0
300.0
300.0
300.0
300.0
300.0
300.0
300.0
300.0
300.0
300.0
300.0
300.0
300.0
300.0
300.0
300.0
300.0
300.0
300.0
300.0
300.0
300.0
300.0
300.0
300.0
300.0
300.0
296.6
296.6
296.6
296.6
296.6
296.6
296.6
296.6
296.6
296.6
296.6
296.6
296.6
296.6
296.6
296.6
296.6
296.6
296.6
296.6
296.6
296.6
296.6
296.6
296.6
300.0
300.0
300.0
300.0
300.0
300.0
300.0
300.0
300.0
300.0
300.0
300.0
300.0
300.0
300.0
300.0
288.96000000000004
288.96000000000004
288.96000000000004
288.96000000000004
288.96000000000004
288.96000000000004
288.96000000000004
288.96000000000004
288.96000000000004
288.96000000000004
288.96000000000004
288.96000000000004
288.96000000000004
288.96000000000004
288.96000000000004
288.96000000000004
288.96000000000004
