41.8
44.959999999999994
44.84
46.599999999999994
49.519999999999996
52.440000000000005
57.040000000000006
61.800000000000004
66.08
69.64
70.08
73.2
77.19999999999999
79.8
83.68
83.24000000000001
80.44
84.03999999999999
81.64
84.16
90.24000000000001
94.28
92.08
94.72
93.4
96.2
98.92000000000002
101.52000000000001
106.03999999999999
107.52
107.12
105.88
105.32000000000001
103.12
103.64
106.44
106.12
107.28
111.75999999999999
112.88
116.72
120.52
117.44
124.04
126.56
128.6
129.24
133.04
137.0
139.96
142.48000000000002
140.72
141.04000000000002
140.84
140.60000000000002
141.72
140.60000000000002
142.84
149.07999999999998
149.07999999999998
157.2
161.68
168.0
167.48
173.88
181.04000000000002
180.0
182.48000000000002
176.64
174.6
164.92000000000002
164.8
162.92000000000002
160.8
162.56
159.92000000000002
159.2
159.36
153.92000000000002
153.76
153.72000000000003
155.52
152.88
151.96
153.95999999999998
148.28
149.83999999999997
149.84
154.16000000000003
154.16
154.16
161.16000000000003
164.07999999999998
166.64
163.04000000000002
162.44
159.92000000000002
158.48000000000002
156.52
154.07999999999998
157.95999999999998
165.84
173.12
182.6
183.6
183.44
185.56
188.20000000000002
188.48
188.95999999999998
185.04000000000002
183.04000000000002
183.04
178.95999999999998
169.44
169.44
169.44
174.76000000000002
182.56
193.07999999999998
203.35999999999999
212.84
222.68
223.28
218.76
222.20000000000002
222.20000000000002
222.20000000000002
222.20000000000002
227.92000000000002
235.6
240.64000000000001
245.6
249.39999999999998
254.24
263.84000000000003
267.56
267.56
271.64
281.15999999999997
281.15999999999997
281.15999999999997
281.15999999999997
281.15999999999997
274.91999999999996
274.92
264.03999999999996
264.04
272.08000000000004
282.88
282.88
282.88
282.88
282.88
282.88
278.24
278.24
272.12
272.12
272.12
272.12
272.12
272.12
272.12
272.12
272.12
272.12
261.24
261.24
267.48
267.48
278.36
278.36
278.36
278.36
278.36
269.88
269.88
268.48
268.48
273.12
273.12
279.24
279.24
279.24
279.24
279.24
279.24
279.24
279.24
279.24
279.24
290.12
290.12
290.12
290.12
290.12
290.12
284.44
284.44
284.44
292.91999999999996
292.91999999999996
294.32
294.32
294.32
294.32
294.32
294.32
294.32
294.32
294.32
294.32
294.32
294.32
294.32
294.32
294.32
294.32
294.32
294.32
294.32
294.32
300.0
300.0
300.0
297.12
297.12
297.12
297.12
297.12
297.12
297.12
297.12
297.12
297.12
297.12
297.12
296.12
296.12
296.12
296.12
296.12
296.12
296.12
296.12
296.12
296.12
296.12
296.12
296.12
299.0
299.0
299.0
299.0
299.0
299.0
299.0
299.0
299.0
299.0
299.0
299.0
300.0
300.0
300.0
300.0
300.0
300.0
300.0
300.0
289.4
289.4
279.2
279.2
279.20000000000005
279.2
279.2
279.2
279.2
279.2
279.2
279.2
279.20000000000005
279.2
279.2
279.2
279.2
279.2
279.2
279.2
279.20000000000005
279.2
279.2
279.2
279.2
289.8
289.8
300.0
300.0
300.0
300.0
300.0
300.0
300.0
300.0
300.0
300.0
300.0
300.0
300.0
300.0
300.0
300.0
300.0
300.0
300.0
300.0
300.0
300.0
300.0
300.0
300.0
300.0
300.0
300.0
300.0
300.0
300.0
300.0
300.0
300.0
300.0
300.0
300.0
300.0
300.0
300.0
300.0
300.0
300.0
300.0
300.0
300.0
300.0
300.0
300.0
300.0
300.0
300.0
300.0
300.0
300.0
300.0
300.0
300.0
300.0
300.0
300.0
300.0
300.0
300.0
300.0
300.0
300.0
300.0
300.0
300.0
300.0
300.0
300.0
300.0
300.0
300.0
300.0
300.0
300.0
300.0
300.0
300.0
300.0
288.84000000000003
288.84000000000003
288.84000000000003
288.84000000000003
288.84000000000003
288.84000000000003
288.84000000000003
288.84000000000003
284.36
284.36
274.48
274.48
274.48
274.48
274.48
274.48
273.44
273.44
273.44
270.03999999999996
270.03999999999996
266.6
263.36
263.36
263.36
274.52
274.52
274.52
274.52
274.52
274.52
274.52
274.52
279.0
279.0
288.88
288.88
288.88
287.48
280.36
268.79999999999995
269.84
269.84000000000003
269.84
273.24
273.24
276.68
279.91999999999996
279.91999999999996
279.91999999999996
279.91999999999996
279.91999999999996
271.72
260.35999999999996
260.36
260.36
260.36
260.36
260.36
260.36
260.36
260.35999999999996
260.36
261.76
268.88
280.44
280.44
280.44
280.44
280.44
280.44
280.44
273.2
265.76
258.64
251.4
251.4
259.6
270.96
270.96
270.96
270.96
270.96
270.96
270.96
270.96
270.96
270.96
270.96
270.96
269.84
269.84
269.84
269.84
269.84
