34.08
34.4
34.959999999999994
37.8
41.2
43.36
45.64
49.56
53.31999999999999
54.52
58.64
61.72
63.8
66.36000000000001
70.72
74.36000000000001
76.52000000000001
77.0
80.8
77.03999999999999
75.28
76.6
77.47999999999999
80.52
79.24000000000001
79.84
83.24000000000001
86.03999999999999
84.0
85.28
90.00000000000001
92.24000000000001
92.08000000000001
96.0
101.72
103.92
105.36
114.68
123.56
130.52
134.92000000000002
135.64
138.44
138.08
138.24
139.48000000000002
141.12
140.4
139.52
141.64
141.0
140.92000000000002
140.68
143.24
142.28
138.64
135.88
135.4
130.68
127.4
123.32
122.03999999999999
112.72
103.75999999999999
95.92
91.64
91.56
92.16
92.56
93.0
92.80000000000001
93.28
93.64
94.68
94.28
92.52000000000001
92.28
93.48
94.0
94.4
91.56
93.75999999999999
94.72
95.75999999999999
96.88
98.88
99.67999999999999
101.47999999999999
99.67999999999999
100.88
101.80000000000001
104.4
106.11999999999999
106.88
112.8
115.96
119.16
121.36
127.67999999999999
128.51999999999998
133.4
135.48000000000002
133.44
133.84
135.24
146.08
147.04000000000002
154.07999999999998
161.36
163.24
163.04
162.64
162.48
164.76
160.8
159.64
157.04
155.2
152.16000000000003
148.88
146.24
144.2
140.48
135.44
135.8
133.32
131.6
132.8
132.24
130.68
123.64000000000001
122.32
115.0
104.28
101.44
101.75999999999999
101.48
99.28
101.44
106.28
107.4
107.28
107.72
110.04
113.48
115.68
112.4
115.72
117.32000000000001
124.32
131.88
139.48000000000002
143.48000000000002
145.48000000000002
153.0
153.72
154.27999999999997
153.96
155.36
153.20000000000002
153.8
154.64
158.27999999999997
160.04
165.8
167.16
167.88
167.44
167.92000000000002
164.72
162.44
162.2
160.60000000000002
165.88
158.56
150.76
143.64000000000001
146.92000000000002
152.44
152.44
153.32
160.72
168.35999999999999
177.68
187.48
187.03999999999996
188.15999999999997
188.72
187.12
181.44
180.68
181.64
183.44
183.28
183.27999999999997
184.04
186.56
187.68
180.12
180.88
181.44
188.56
188.56
181.0
181.00000000000003
175.76000000000002
175.76
175.76
175.76
175.76
182.88
188.88
194.56
193.35999999999999
190.52
186.0
182.44
181.8
188.04000000000002
189.84
196.72
204.16
210.36
217.92000000000002
224.48000000000002
231.72000000000003
231.72000000000003
231.72000000000003
239.28000000000003
239.28000000000003
249.96
249.96
249.95999999999998
249.96000000000004
249.96000000000004
249.96000000000004
243.44
233.72000000000003
241.07999999999998
249.60000000000002
258.32000000000005
268.24
274.76
275.8
281.6
281.6
281.6
281.6
281.6
281.6
281.6
281.6
281.6
281.6
281.6
281.6
281.6
281.6
281.6
281.6
281.6
288.12
297.84000000000003
297.84000000000003
297.84000000000003
300.0
300.0
289.2
289.2
280.52
269.08000000000004
262.28
252.8
242.44
233.28
233.28000000000003
233.28
233.28
233.28000000000003
233.28000000000003
233.28
233.28
233.28
233.28000000000003
233.28
233.28
233.28000000000003
233.28000000000003
233.28
233.28
233.28
233.28000000000003
244.07999999999998
244.07999999999998
252.76
264.2
271.0
280.48
290.84000000000003
300.0
300.0
300.0
300.0
300.0
300.0
298.68
298.68
298.68
298.68
298.68
298.68
298.68
298.68
298.68
298.68
296.68
289.48
289.48
289.48
289.48
289.48
289.48
289.48
289.48
289.48
289.48
289.48
289.48
289.48
289.48
290.32
290.32
290.32
290.32
282.84000000000003
271.68
264.08
253.43999999999997
242.71999999999997
242.71999999999997
244.72
251.92
251.91999999999996
251.92
251.92000000000002
251.92
251.92000000000002
251.91999999999996
251.91999999999996
251.92
248.96
248.95999999999998
248.95999999999998
248.95999999999998
248.95999999999998
249.44
249.44
249.44
249.44
256.91999999999996
268.08000000000004
275.68
286.32
289.6
289.6
289.6
289.6
289.6
289.6
279.24
279.24
279.24
268.56
258.64
250.48
243.51999999999998
243.51999999999998
243.51999999999998
243.51999999999998
243.51999999999998
243.51999999999998
243.51999999999998
243.51999999999998
243.51999999999998
243.51999999999998
243.51999999999998
243.51999999999998
243.51999999999998
250.95999999999998
250.95999999999998
250.95999999999998
250.95999999999998
250.95999999999998
250.95999999999998
261.32
261.32
261.32
272.0
281.91999999999996
282.76
286.68
286.68
286.68
286.68
286.68
286.68
286.68
286.68
286.68
286.68
286.68
286.68
286.68
286.68
286.68
286.68
286.68
286.68
286.68
286.68
286.68
281.72
281.72
281.72
289.03999999999996
295.03999999999996
295.03999999999996
295.03999999999996
295.03999999999996
295.03999999999996
295.03999999999996
295.03999999999996
295.03999999999996
295.03999999999996
295.03999999999996
295.03999999999996
295.03999999999996
295.03999999999996
295.03999999999996
295.03999999999996
295.03999999999996
295.03999999999996
283.64
283.64
283.64
283.64
288.6
288.6
288.6
288.6
285.32
285.32
284.15999999999997
284.15999999999997
284.15999999999997
284.15999999999997
284.15999999999997
278.4
278.4
278.4
278.4
278.4
270.56
267.24
267.24
267.24
255.72000000000003
267.12
267.12
267.12
267.12
267.12
267.12
267.12
267.12
270.40000000000003
