41.480000000000004
43.68
47.2
49.12
52.32000000000001
55.879999999999995
58.0
59.879999999999995
59.68
66.16
70.88000000000001
73.96000000000001
78.76
86.68
88.44
89.76
92.28
95.32000000000001
98.32
97.16
97.12
94.72
92.16
92.03999999999999
91.35999999999999
95.0
93.08000000000001
91.44000000000001
95.4
96.48
94.52000000000001
97.6
103.48000000000002
109.16000000000001
109.4
114.56
115.36000000000001
114.08000000000001
107.20000000000002
107.2
106.84
106.88
107.03999999999999
108.03999999999999
109.88000000000001
108.88
119.64000000000001
130.2
131.4
133.04000000000002
134.84
136.96
138.52
136.12
135.51999999999998
135.56
132.95999999999998
125.88
123.15999999999998
116.99999999999999
118.76
126.35999999999999
134.35999999999999
140.72
147.16
149.95999999999998
149.92000000000002
151.24
150.88
150.88
151.95999999999998
143.64
132.71999999999997
131.44
130.44
125.92
126.84
123.92000000000002
124.28
132.07999999999998
141.76
148.04
152.44
160.48000000000002
171.39999999999998
171.39999999999998
171.39999999999998
171.39999999999998
174.72
170.04000000000002
165.07999999999998
167.4
168.27999999999997
176.04
173.83999999999997
171.68
174.64
185.56
193.64
201.32
211.92000000000002
208.28
219.36
226.68
226.68
226.68
229.2
234.67999999999998
234.68
234.68
227.44
218.8
210.68
202.04000000000002
202.44
208.68
210.52
216.44
216.44
226.23999999999998
236.56
241.92000000000002
241.92000000000002
241.92000000000002
241.92000000000002
241.92000000000002
252.76
252.76000000000002
252.76
246.84
246.84
246.84
246.84
246.84
246.84
254.07999999999998
262.71999999999997
270.84
279.48
286.76
290.56
294.08
294.08
294.08
294.08
294.08
294.08
294.08
283.08
283.08
283.08
283.08
283.08
283.08
289.0
289.0
289.0
289.0
289.0
289.0
289.0
289.0
289.0
289.0
289.0
289.0
289.0
289.0
289.0
289.0
289.0
289.0
289.0
300.0
300.0
300.0
300.0
300.0
300.0
300.0
300.0
294.92
294.92
294.92
294.92
294.92
294.92
294.92
294.92
294.92
294.92
294.92
294.92
294.92
294.92
294.92
294.92
294.92
294.92
294.92
294.92
294.92
294.92
294.92
294.92
294.92
300.0
300.0
291.36
291.36
280.04
280.03999999999996
280.03999999999996
280.03999999999996
280.03999999999996
280.03999999999996
280.03999999999996
280.04
280.04
280.03999999999996
280.03999999999996
280.03999999999996
280.03999999999996
280.03999999999996
280.03999999999996
280.04
280.04
280.03999999999996
280.03999999999996
280.03999999999996
280.03999999999996
280.03999999999996
280.03999999999996
288.68
288.68
300.0
300.0
300.0
300.0
300.0
300.0
294.68
294.68
294.68
294.68
294.68
294.68
294.68
294.68
294.68
294.68
294.68
294.68
294.68
294.68
294.68
294.68
294.68
294.68
294.68
294.68
294.68
294.68
294.68
294.68
294.68
300.0
297.24
297.24
297.24
297.24
297.0
297.0
297.0
297.0
297.0
297.0
297.0
297.0
297.0
297.0
297.0
297.0
297.0
297.0
297.0
297.0
297.0
297.0
297.0
297.0
297.0
299.76
290.91999999999996
290.91999999999996
290.91999999999996
291.15999999999997
291.15999999999997
291.15999999999997
291.15999999999997
291.15999999999997
291.15999999999997
291.15999999999997
291.15999999999997
291.15999999999997
291.15999999999997
291.15999999999997
280.56
280.56
280.56
280.56
280.56
280.56
280.56
280.56
280.56
280.56
280.56
289.4
289.4
289.4
289.4
289.4
289.4
289.4
289.4
289.4
289.4
289.4
289.4
289.4
289.4
300.0
300.0
300.0
300.0
300.0
300.0
300.0
300.0
300.0
300.0
300.0
300.0
300.0
300.0
300.0
300.0
300.0
300.0
300.0
300.0
300.0
300.0
300.0
300.0
300.0
300.0
300.0
300.0
300.0
300.0
300.0
300.0
300.0
300.0
300.0
300.0
300.0
300.0
300.0
300.0
300.0
300.0
300.0
300.0
300.0
300.0
300.0
300.0
300.0
300.0
300.0
300.0
300.0
300.0
300.0
300.0
300.0
300.0
300.0
300.0
300.0
300.0
300.0
300.0
300.0
300.0
300.0
300.0
300.0
300.0
300.0
300.0
300.0
300.0
300.0
300.0
300.0
300.0
300.0
300.0
300.0
300.0
300.0
300.0
300.0
300.0
288.68
288.68
288.68
288.68
288.68
288.68
288.68
288.68
288.68
288.68
278.32
278.32
278.32
278.32
278.32
267.48
267.48
267.48
267.48
267.48
267.48
267.48
267.48
267.48
267.48
278.79999999999995
278.79999999999995
278.79999999999995
278.79999999999995
278.79999999999995
278.79999999999995
278.79999999999995
278.79999999999995
278.79999999999995
278.79999999999995
289.15999999999997
289.15999999999997
289.15999999999997
289.15999999999997
289.15999999999997
300.0
300.0
300.0
300.0
300.0
300.0
300.0
288.76
288.76
288.76
288.76
288.76
288.76
288.76
288.76
288.76
288.76
288.76
