24.560000000000002
28.240000000000002
31.6
31.64
33.72
36.32
39.88
42.88
43.480000000000004
43.56
45.8
49.480000000000004
51.68
55.519999999999996
59.0
60.48
64.4
68.36
71.84
75.04
76.64
75.92
85.68
85.84
89.28
93.32000000000001
92.92
92.72000000000001
94.8
95.44
93.60000000000001
90.88
89.03999999999999
92.16
95.32
94.0
94.0
95.84
95.03999999999999
95.19999999999999
97.96000000000001
97.84
94.91999999999999
95.24000000000001
96.84
97.72
98.63999999999999
93.39999999999999
94.92
102.39999999999999
109.28
117.64000000000001
121.47999999999999
124.16
125.75999999999999
128.44
131.4
133.76
133.96
132.8
131.76
131.52
130.8
129.64
129.60000000000002
129.16000000000003
127.08000000000001
127.52000000000001
124.36000000000001
123.08000000000001
122.92
123.48
130.48000000000002
130.32
125.4
119.47999999999999
112.52000000000001
111.36000000000001
110.68
109.2
108.76
108.92
109.36
109.36000000000001
111.68
116.92000000000002
118.88000000000002
119.52000000000001
120.96000000000001
122.68
125.32000000000001
131.56
135.32
139.4
144.35999999999999
151.16
155.32
155.32
161.96
164.48000000000002
164.0
165.28000000000003
159.83999999999997
161.88
165.68
166.0
168.04
170.44
172.0
172.52
177.24
176.12
176.07999999999998
176.64
175.68
173.52
168.12
165.92000000000002
162.56
155.72
148.04000000000002
143.16000000000003
135.32
127.60000000000001
120.76
117.0
112.4
115.16
113.20000000000002
117.44
114.32000000000001
112.64
110.08
110.68
112.32
108.08000000000001
115.28
115.32
111.08000000000001
118.08000000000001
125.4
134.44
142.76
152.76
162.52
164.36
172.24
180.07999999999998
182.2
191.24
201.4
211.68
219.96
227.28000000000003
227.28000000000003
237.96000000000004
245.08
252.64000000000001
258.2
263.24
268.91999999999996
268.92
276.4
287.6
284.64
284.64
284.64
284.64
284.64
284.8
290.64
290.64
290.64
296.24
297.03999999999996
297.03999999999996
297.03999999999996
297.03999999999996
297.03999999999996
297.03999999999996
297.03999999999996
297.03999999999996
297.03999999999996
297.03999999999996
297.03999999999996
297.03999999999996
297.03999999999996
297.03999999999996
297.03999999999996
300.0
300.0
300.0
300.0
300.0
300.0
300.0
300.0
300.0
300.0
300.0
300.0
300.0
300.0
300.0
300.0
300.0
300.0
300.0
300.0
300.0
300.0
300.0
300.0
300.0
300.0
300.0
300.0
300.0
300.0
300.0
300.0
300.0
300.0
300.0
300.0
300.0
300.0
300.0
300.0
300.0
300.0
300.0
300.0
300.0
300.0
300.0
300.0
300.0
300.0
300.0
300.0
300.0
300.0
300.0
300.0
300.0
300.0
300.0
300.0
300.0
300.0
300.0
300.0
300.0
300.0
300.0
300.0
300.0
300.0
300.0
300.0
300.0
300.0
300.0
300.0
300.0
300.0
300.0
300.0
300.0
300.0
300.0
300.0
300.0
300.0
300.0
300.0
300.0
300.0
300.0
300.0
300.0
300.0
300.0
300.0
300.0
300.0
300.0
300.0
300.0
300.0
300.0
300.0
293.52
293.52
293.52
293.52
293.52
293.52
293.52
293.52
293.52
283.04
283.04
283.03999999999996
283.03999999999996
283.03999999999996
283.03999999999996
279.12
279.12
279.12
279.12
279.12
279.12
279.12
279.12
279.12
279.12
285.6
285.6
285.6
285.6
285.6
285.6
285.6
285.6
285.6
289.24
289.24
289.24
289.24
289.24
289.24
293.15999999999997
293.15999999999997
293.15999999999997
293.15999999999997
281.88
281.88
281.88
281.88
281.88
281.88
281.88
281.88
281.88
281.88
281.88
281.88
281.88
281.88
281.88
288.72
288.72
288.72
288.72
288.72
288.72
288.72
277.64
277.64
277.64
288.92
288.92
288.92
288.92
288.92
288.92
288.92
288.92
288.92
288.92
288.92
288.92
288.92
288.92
288.92
288.92
288.92
288.92
288.92
288.92
288.92
288.92
289.28
289.28
289.28
289.28
289.28
289.28
289.28
289.28
289.28
289.28
289.28
289.28
289.28
289.28
289.28
289.28
289.28
289.28
289.28
289.28
289.28
289.28
289.28
289.28
289.28
300.0
300.0
300.0
300.0
300.0
300.0
300.0
300.0
300.0
300.0
300.0
300.0
300.0
300.0
300.0
300.0
300.0
300.0
300.0
300.0
300.0
300.0
300.0
300.0
300.0
300.0
300.0
300.0
300.0
300.0
300.0
300.0
300.0
300.0
300.0
300.0
300.0
300.0
300.0
300.0
300.0
300.0
300.0
300.0
300.0
300.0
300.0
300.0
300.0
300.0
300.0
300.0
300.0
300.0
300.0
300.0
300.0
300.0
300.0
300.0
300.0
300.0
300.0
300.0
300.0
300.0
300.0
