64.4
67.04
71.0
72.52
72.72
76.2
80.4
78.96000000000001
79.19999999999999
81.12
85.28
85.64
92.24000000000001
94.11999999999999
97.44
101.28
110.16000000000001
112.0
115.24000000000001
116.28
118.28
119.12
119.48
121.6
120.6
120.24000000000001
121.08
122.03999999999999
124.32
129.72
132.08
139.24
148.32
149.6
155.24
156.76
163.12
156.51999999999998
155.28
154.32
153.83999999999997
144.28
140.68
140.36
142.48
138.95999999999998
138.44
135.4
133.84
133.68
131.12
130.76
130.24
132.2
136.4
135.32
130.04000000000002
121.84000000000002
121.44
117.96
117.2
107.2
107.12
107.47999999999999
107.36
115.04
125.99999999999999
135.92000000000002
139.08
140.12
141.51999999999998
141.64
144.48
143.88
142.68
144.56
143.4
140.72
135.64
128.04
126.92
125.56
126.36
126.88000000000002
126.56
126.32000000000002
129.48000000000002
126.60000000000002
126.04
126.52000000000001
118.6
111.72000000000001
104.52000000000001
102.32
102.04000000000002
103.72
104.24000000000001
105.4
105.28
107.56
104.44000000000001
107.4
110.04000000000002
113.80000000000001
116.16000000000001
118.32000000000002
121.64000000000001
124.52000000000001
124.84
129.88
135.64000000000001
140.20000000000002
150.48000000000002
158.0
163.28
171.2
178.08
180.6
187.72
195.12
202.8
210.16
210.04
218.44
219.71999999999997
223.72000000000003
222.36
221.4
219.88
213.92000000000002
211.68
207.07999999999998
203.95999999999998
202.36
197.56
190.88
185.68
179.68
172.12
163.76000000000002
155.56
151.64
151.07999999999998
146.8
146.0
146.0
142.16
147.2
145.48
150.83999999999997
154.04000000000002
161.88
167.07999999999998
168.32
172.48
171.4
171.2
178.83999999999997
186.84000000000003
194.0
201.72000000000003
209.2
215.20000000000002
215.68
218.4
218.6
216.07999999999998
214.32000000000002
212.76
204.51999999999998
194.72
190.51999999999998
184.76
179.15999999999997
172.64
169.28000000000003
161.84
158.48000000000002
156.76
157.0
157.95999999999998
156.68
149.12
142.04
134.56
127.32
119.75999999999999
112.64
111.32000000000001
112.08000000000001
112.64
111.24000000000001
109.84
107.44000000000001
105.36000000000001
107.68
108.28
113.16
112.68
111.8
112.24000000000001
112.4
111.07999999999998
111.52
111.56
108.24
110.64
118.2
125.28
130.56
137.8
145.36
152.48000000000002
157.8
165.04000000000002
172.48000000000002
180.32
188.72000000000003
196.96
201.59999999999997
209.07999999999998
216.51999999999998
219.08000000000004
226.88
226.48
233.28
240.56
237.88
238.27999999999997
245.04
255.12
255.16
255.16
248.12
250.32
244.24
244.24
244.24
247.32
247.32
247.32
247.32
247.32
244.4
250.72
250.72
250.72
250.72
250.72
258.52
258.52
258.52
268.8
276.0
276.0
276.84000000000003
283.8
283.8
290.84000000000003
290.84000000000003
287.6
279.4
271.32
264.91999999999996
264.91999999999996
264.91999999999996
258.44
258.44
261.36
261.52
261.52
261.52
261.52
261.52
261.52
261.52
261.52
261.52
261.52
261.52
261.52
261.52
261.52
261.52
261.52
270.84000000000003
279.03999999999996
287.12
293.52
293.52
293.52
300.0
300.0
300.0
300.0
300.0
300.0
296.08
296.08
296.08
296.08
296.08
296.08
296.08
296.08
296.08
296.08
288.2
288.2
277.28
277.28
277.28
277.28
277.28
277.28
277.28
277.28
277.28
277.28
277.28
277.28
277.28
281.2
281.2
281.2
281.2
281.2
281.2
281.2
281.2
281.2
281.2
289.08
289.08
300.0
300.0
300.0
300.0
300.0
292.08
292.08
287.0
287.0
287.0
287.0
287.0
287.0
287.0
287.0
287.0
287.0
287.0
287.0
287.0
287.0
287.0
287.0
287.0
287.0
287.0
287.0
287.0
287.0
287.0
294.92
283.52
288.6
288.6
277.24
277.24
277.24
277.24
277.24
277.24
277.24
277.24
277.24
277.24
277.24
277.24
277.24
277.24
277.24
277.24
277.24
277.24
277.24
277.24
277.24
277.24
288.64
288.64
288.64
300.0
300.0
300.0
300.0
300.0
300.0
300.0
300.0
300.0
300.0
300.0
300.0
300.0
300.0
300.0
300.0
300.0
300.0
300.0
300.0
300.0
300.0
300.0
300.0
300.0
300.0
300.0
300.0
300.0
300.0
300.0
300.0
300.0
300.0
300.0
300.0
300.0
300.0
300.0
300.0
300.0
300.0
300.0
300.0
300.0
300.0
300.0
300.0
300.0
300.0
300.0
300.0
300.0
300.0
300.0
300.0
290.72
290.72
290.72
290.72
290.72
290.72
290.72
290.72
290.72
290.72
290.72
290.72
279.28
279.28
279.28
279.28
274.08
274.08
274.08000000000004
274.08
269.88
269.88
269.88
269.88
269.88
279.15999999999997
279.15999999999997
