35.84
35.92
39.120000000000005
40.28
42.84
42.32
45.64
49.44
53.0
57.720000000000006
61.400000000000006
68.68
72.03999999999999
76.24000000000001
80.52
80.72
84.56
91.6
96.16
96.80000000000001
98.64
98.12
96.36000000000001
98.72
98.16
99.12
103.4
103.92000000000002
113.16
114.0
114.2
114.6
115.48000000000002
115.36000000000001
114.80000000000001
114.88
111.24000000000001
109.36
108.92
108.56
109.63999999999999
109.68
105.92000000000002
105.08000000000001
104.16
106.04
107.4
110.32
110.08
108.44
112.03999999999999
109.03999999999999
110.28
103.92
107.36
114.68
120.88
124.68
132.48000000000002
139.84
146.28000000000003
154.20000000000002
163.68
167.40000000000003
174.88
181.48000000000002
188.88000000000002
196.28000000000003
204.16000000000003
205.04000000000002
203.76000000000002
200.4
199.24
201.07999999999998
206.0
212.12
220.76000000000002
221.16
220.56
216.56
212.84
205.68
198.24
189.68
182.68
176.72
171.07999999999998
164.0
160.27999999999997
152.72
147.76
139.48
132.6
124.12
123.0
120.28
121.72
121.91999999999999
118.16
115.72
110.84
103.48000000000002
106.80000000000001
113.76
121.60000000000001
127.4
135.68
146.24
154.8
161.8
168.92000000000002
174.56
182.16
183.72
191.28
198.92000000000002
207.20000000000002
214.08
222.56
230.64000000000001
240.68
250.0
257.92
267.48
275.08000000000004
278.36
287.15999999999997
289.96000000000004
289.96000000000004
289.96000000000004
291.68
291.68
291.68
291.68
291.68
287.4
277.36
277.36
283.56
283.56
283.56
283.56
283.56
283.56
283.56
283.56
283.56
283.56
283.56
283.56
285.68
285.68
285.68
285.68
285.68
285.68
285.68
285.68
285.68
283.0
275.72
278.2
267.52
260.6
253.91999999999996
253.91999999999996
253.92
253.92000000000002
253.92000000000002
253.92000000000002
253.92000000000002
250.92
250.91999999999996
250.91999999999996
250.92
250.92000000000002
250.92000000000002
250.92000000000002
250.92000000000002
250.92
250.91999999999996
250.91999999999996
241.84
238.92000000000002
241.6
253.16
260.72
271.4
278.32
285.0
285.0
285.0
285.0
285.0
285.0
285.0
288.0
288.0
288.0
288.0
288.0
288.0
288.0
288.0
288.0
288.0
288.0
297.08
300.0
290.84000000000003
290.84000000000003
290.84000000000003
279.48
279.48
279.48
279.48
272.08000000000004
272.08000000000004
260.64
260.64
260.64
260.64
260.64
260.64
260.64
260.64
260.64
260.64
260.64
260.64
260.64
260.64
260.64
260.64
269.8
269.8
269.8
281.15999999999997
281.15999999999997
281.15999999999997
281.15999999999997
288.56
288.56
300.0
300.0
300.0
300.0
300.0
300.0
300.0
300.0
300.0
300.0
300.0
300.0
300.0
300.0
300.0
300.0
300.0
300.0
300.0
300.0
300.0
300.0
300.0
288.52
288.52
288.52
288.52
288.52
288.52
288.52
288.52
288.52
277.32000000000005
277.32000000000005
277.32
277.32
277.32
277.32
277.32
277.32
277.32000000000005
277.32000000000005
277.32
277.32
277.32
277.32
277.32
277.32
288.8
288.8
288.8
288.8
288.8
288.8
288.8
288.8
288.8
288.6
288.6
288.6
277.15999999999997
277.15999999999997
277.15999999999997
277.15999999999997
277.15999999999997
277.15999999999997
277.15999999999997
277.15999999999997
277.15999999999997
277.15999999999997
277.15999999999997
277.15999999999997
277.15999999999997
277.15999999999997
277.15999999999997
277.15999999999997
277.15999999999997
277.15999999999997
277.15999999999997
277.15999999999997
277.15999999999997
277.15999999999997
288.56
288.56
288.56
300.0
300.0
300.0
300.0
300.0
300.0
300.0
300.0
300.0
300.0
300.0
300.0
300.0
300.0
300.0
300.0
300.0
300.0
300.0
300.0
300.0
300.0
300.0
300.0
300.0
300.0
300.0
300.0
300.0
300.0
300.0
300.0
300.0
300.0
300.0
300.0
300.0
300.0
300.0
300.0
300.0
300.0
289.08
289.08
289.08
289.08
289.08
289.08
289.08
281.48
274.56
274.56
274.56
274.56
274.56
263.72
263.72
263.72
263.72
263.72
263.72
263.72
263.72
263.72
263.72
263.72
263.72
274.64
274.64
274.64
274.64
270.0
270.0
270.0
277.59999999999997
284.52
284.52
284.52
284.52
276.0
276.12
276.12
265.08000000000004
265.08000000000004
265.08000000000004
265.08000000000004
265.08000000000004
265.08000000000004
265.08000000000004
265.08000000000004
265.08000000000004
265.08000000000004
265.08000000000004
265.08000000000004
265.08000000000004
265.08000000000004
269.72
269.72
269.72
269.72
269.72
269.72
269.72
269.72
278.24
288.96000000000004
288.96000000000004
300.0
300.0
300.0
300.0
300.0
300.0
300.0
300.0
300.0
300.0
300.0
300.0
300.0
300.0
288.52
288.52
288.52
288.52
288.52
288.52
288.52
288.52
288.52
288.52
288.52
288.52
277.08
277.08
277.08
277.08
277.08
277.08
277.08000000000004
274.24
274.24
274.24
274.24
274.24
274.24
274.8
274.8
