53.2
54.24
59.8
61.68
64.75999999999999
68.44
75.8
79.96
82.24
87.88
99.44
103.24000000000001
112.56
114.60000000000001
122.56
130.72
135.12
144.68
156.2
158.4
161.12
171.36
171.04000000000002
173.64
176.95999999999998
186.44
189.36
184.44
186.35999999999999
184.72
182.92
177.48000000000002
176.52
177.95999999999998
173.51999999999998
165.79999999999998
165.24
157.07999999999998
156.51999999999998
148.36
141.2
144.84
138.64
138.64
146.64000000000001
152.44
152.44
154.0
159.16
165.07999999999998
165.07999999999998
169.64000000000001
171.72000000000003
179.20000000000002
182.56
189.36
197.04000000000002
204.96
212.8
222.96
220.84
221.36
228.76
231.12
232.04000000000002
229.12
221.24
227.44
227.44
227.44
220.44
220.44
226.6
226.59999999999997
226.6
219.56
215.16
213.8
208.32
202.48
197.76
189.56
181.52
173.76
166.16
168.12
165.84
158.8
159.51999999999998
166.76000000000002
176.83999999999997
184.72
184.72
184.72
184.72
191.72
191.72
185.32
174.52
174.52
181.56
182.52
189.32
194.8
205.44
213.07999999999998
221.28
229.32
237.07999999999998
244.68
252.56
262.24
269.28
275.56
275.56
275.56
275.56
275.56
275.56
275.56
275.56
275.56
281.96
292.76
292.76
292.76
299.24
299.24
299.24
299.24
299.24
299.24
299.24
299.24
299.24
299.24
299.24
300.0
300.0
300.0
300.0
300.0
299.08
299.08
287.96
287.96000000000004
276.76
276.76
276.76
276.76
276.76
276.76
276.76
276.76
276.76
276.76
276.76
276.76
276.76
276.76
276.76
276.76
276.76
276.76
276.76
276.76
276.76
277.68
277.68
288.8
288.8
300.0
300.0
300.0
300.0
300.0
300.0
300.0
300.0
300.0
300.0
300.0
300.0
300.0
300.0
300.0
300.0
300.0
300.0
300.0
300.0
300.0
300.0
300.0
300.0
300.0
300.0
300.0
300.0
300.0
300.0
300.0
300.0
300.0
300.0
300.0
300.0
300.0
300.0
300.0
300.0
300.0
300.0
300.0
300.0
300.0
300.0
300.0
300.0
300.0
300.0
300.0
300.0
300.0
300.0
300.0
300.0
300.0
300.0
300.0
300.0
300.0
300.0
300.0
300.0
300.0
300.0
300.0
300.0
300.0
300.0
290.2
290.2
281.56
275.12
265.8
265.8
265.8
265.8
265.8
265.8
265.79999999999995
265.8
265.8
265.8
265.8
265.8
265.8
265.8
265.79999999999995
265.8
265.8
265.8
265.8
265.8
265.8
275.6
275.6
284.24
279.32
288.64
288.64
288.64
288.64
288.64
288.64
288.64
288.64
288.64
288.64
288.64
277.6
277.6
277.6
277.6
277.6
277.6
277.6
277.6
277.6
270.03999999999996
270.03999999999996
270.03999999999996
270.03999999999996
281.4
279.36
279.36
279.36
279.36
279.36
279.36
279.36
279.36
279.36
279.36
279.36
290.4
290.4
290.4
290.4
290.4
290.4
290.4
290.4
290.4
297.96000000000004
297.96000000000004
297.96000000000004
297.96000000000004
297.96000000000004
300.0
300.0
300.0
288.68
288.68
288.68
288.68
277.28
277.28
277.28
265.8
265.8
265.8
265.79999999999995
265.79999999999995
265.79999999999995
265.79999999999995
265.79999999999995
265.79999999999995
265.8
265.8
265.79999999999995
265.08000000000004
265.08000000000004
265.08000000000004
265.08000000000004
265.08000000000004
265.08000000000004
276.4
276.4
276.4
275.6
276.71999999999997
276.71999999999997
276.71999999999997
288.2
288.2
288.2
288.2
288.2
288.2
288.2
288.2
288.2
288.2
288.2
288.2
288.91999999999996
288.91999999999996
288.91999999999996
288.91999999999996
288.91999999999996
288.91999999999996
288.91999999999996
288.91999999999996
288.91999999999996
289.72
300.0
300.0
300.0
300.0
300.0
300.0
300.0
300.0
300.0
300.0
300.0
300.0
300.0
300.0
300.0
300.0
300.0
300.0
300.0
300.0
300.0
300.0
300.0
300.0
300.0
300.0
300.0
300.0
300.0
300.0
300.0
300.0
300.0
300.0
300.0
300.0
300.0
300.0
300.0
300.0
300.0
300.0
300.0
300.0
300.0
300.0
300.0
300.0
300.0
300.0
300.0
300.0
300.0
300.0
300.0
300.0
300.0
300.0
300.0
300.0
300.0
300.0
300.0
300.0
300.0
300.0
300.0
300.0
300.0
300.0
300.0
300.0
300.0
300.0
300.0
300.0
300.0
300.0
300.0
300.0
300.0
300.0
300.0
300.0
291.24
279.92
279.92
279.92
279.92
279.92
279.92
275.6
273.56
273.56
273.56
273.56
273.56
273.56
273.56
