47.0
45.519999999999996
47.28
49.599999999999994
53.16
55.11999999999999
56.879999999999995
60.64
64.16
64.96
71.6
75.28
76.68
79.0
88.91999999999999
89.92
93.44
92.56
102.32
111.88000000000001
113.96
122.03999999999999
130.16000000000003
132.68
131.48000000000002
129.28000000000003
129.96
130.52
128.0
128.92000000000002
129.04
131.0
131.52
129.04
130.72
135.39999999999998
137.4
137.08
137.2
137.2
147.64
151.12
161.36
162.20000000000002
162.20000000000002
169.08
169.07999999999998
169.07999999999998
171.8
181.12
191.44
202.32
209.92000000000002
215.56
214.92000000000002
214.51999999999998
214.07999999999998
213.72
216.60000000000002
217.12
207.68
203.04000000000002
207.64000000000001
214.72
214.72
214.72
219.16
219.16
219.48000000000002
219.48000000000002
219.48
219.48
219.48
224.27999999999997
224.28
213.0
209.0
203.28000000000003
208.92000000000002
216.64
224.76
232.4
239.48
246.32
253.76
263.2
273.6
278.15999999999997
278.15999999999997
278.15999999999997
278.15999999999997
278.15999999999997
278.15999999999997
270.4
263.03999999999996
263.03999999999996
255.32000000000002
247.88
240.44000000000003
233.08
236.40000000000003
232.04000000000002
231.04000000000002
223.56
223.56
215.84000000000003
215.84
215.84000000000003
216.68
211.24
211.24
211.24
211.24
211.24
211.24
205.48000000000002
201.52
201.52
209.28000000000003
216.64000000000001
209.92000000000002
211.24
209.16000000000003
216.60000000000002
215.12
223.08
231.44000000000003
238.16000000000003
245.64000000000001
245.64000000000001
253.36
253.36
253.36
246.56000000000003
244.92000000000002
241.95999999999998
241.96000000000004
241.96000000000004
241.95999999999998
241.95999999999998
247.72000000000003
251.68
251.68
251.68
244.92000000000002
251.64000000000001
258.04
267.56
267.56
276.4
276.4
276.4
276.40000000000003
276.4
276.4
276.4
266.4
266.4
267.36
270.24
264.56
264.56
264.56
264.56
264.56
264.56
264.56
264.56
264.56
271.32
271.32
271.32
271.32
271.32
271.32
271.32
271.32000000000005
271.32
271.32
271.32
271.32
281.32
281.32
287.16
291.36
300.0
300.0
300.0
300.0
300.0
300.0
300.0
300.0
291.24
291.24
291.24
291.24
291.24
291.24
291.24
291.24
291.24
291.24
291.24
291.24
291.24
291.24
291.24
291.24
291.24
291.24
291.24
291.24
291.24
291.24
291.24
291.24
291.24
300.0
300.0
300.0
300.0
300.0
300.0
300.0
300.0
300.0
300.0
300.0
300.0
300.0
300.0
300.0
300.0
300.0
300.0
300.0
300.0
300.0
300.0
300.0
300.0
300.0
300.0
300.0
300.0
300.0
300.0
300.0
300.0
300.0
300.0
300.0
300.0
300.0
300.0
300.0
300.0
300.0
300.0
300.0
300.0
300.0
300.0
300.0
300.0
300.0
300.0
300.0
300.0
300.0
300.0
289.03999999999996
289.03999999999996
289.03999999999996
289.03999999999996
289.03999999999996
289.03999999999996
289.03999999999996
289.03999999999996
289.03999999999996
289.03999999999996
289.03999999999996
289.03999999999996
289.03999999999996
289.03999999999996
289.03999999999996
289.03999999999996
289.03999999999996
289.03999999999996
289.03999999999996
289.03999999999996
289.03999999999996
277.56
277.56
267.12
256.48
265.88
260.03999999999996
260.03999999999996
260.04
260.03999999999996
260.03999999999996
260.04
260.03999999999996
260.03999999999996
260.03999999999996
260.03999999999996
260.04
260.03999999999996
260.03999999999996
260.04
260.03999999999996
260.03999999999996
260.03999999999996
260.03999999999996
260.04
260.03999999999996
260.32
260.32
270.76
281.4
282.96
288.8
288.8
288.8
288.8
288.8
277.88
266.4
266.4
266.4
266.4
266.4
266.4
266.4
266.4
265.15999999999997
265.15999999999997
265.15999999999997
265.15999999999997
265.15999999999997
265.15999999999997
276.36
276.36
276.36
276.36
276.36
276.36
276.36
276.36
276.36
276.36
287.28
298.76
298.76
298.76
298.76
298.76
298.76
298.76
298.76
300.0
300.0
300.0
300.0
300.0
300.0
300.0
300.0
300.0
300.0
300.0
300.0
300.0
300.0
300.0
300.0
300.0
300.0
300.0
300.0
300.0
300.0
300.0
300.0
300.0
300.0
300.0
300.0
300.0
300.0
300.0
300.0
300.0
300.0
300.0
300.0
300.0
300.0
300.0
300.0
296.2
296.2
294.48
294.48
294.48
294.48
294.48
294.48
294.48
294.48
294.48
294.48
294.48
294.48
283.12
283.12
283.12
283.12
283.12
283.12
283.12
283.12
283.12
283.12
283.12
286.92
286.92
288.64
288.64
288.64
288.64
283.32
283.32
283.32
271.76
271.76
271.76
271.76
271.76
283.12
283.12
283.12
283.12
283.12
279.72
279.72
279.72
279.72
279.72
279.72
279.72
279.72
279.72
279.72
279.72
279.72
285.03999999999996
285.03999999999996
285.03999999999996
285.72
285.72
285.72
285.72
285.72
285.72
285.72
285.72
285.72
285.72
289.12
289.12
289.12
289.12
289.12
